 	ROI	z	a	stoichiometry	xpos	ypos	x0	y0	Chi^2	Good?	wx	wy	streak or spot?	Correlation Coefficient	free or bound?	iFirst	iSecond	pthresh	realthreshold	Above threshold?	Shape-Binding
1	1	112.493	127.489	11.086	82.781	40.141	-1.219	1.141	56.137	0	457.262	217.014	Undefined	0.593	bound	116.959	116.959	114.793	125.507	yes	Undefined-bound
2	2	115.210	397.359	34.553	62.359	21.000	0.359	0.000	50.821	0	84.458	22.768	streak	0.536	bound	103.224	103.224	116.151	126.929	yes	streak-bound
3	3	102.736	286.152	24.883	12.000	80.000	0.000	0.000	47.209	0	26.263	22.768	streak	0.449	free	81.265	81.265	112.446	123.050	yes	streak-free
4	4	101.995	465.864	40.510	18.547	39.406	-0.453	0.406	50.571	0	92.195	86.736	streak	0.503	bound	80.694	80.694	110.408	120.916	yes	streak-bound
5	5	115.653	243.438	21.169	51.000	81.000	0.000	0.000	57.468	0	22.768	22.768	streak	0.425	free	83.347	83.347	111.917	122.496	yes	streak-free
6	8	112.531	360.091	31.312	55.000	61.547	0.000	-0.453	44.083	0	22.768	91.073	streak	0.475	free	94.000	94.000	104.462	114.683	yes	streak-free
7	9	108.465	296.646	25.795	60.000	56.344	0.000	0.344	46.600	0	22.768	88.113	streak	0.481	free	95.429	95.429	105.162	115.417	yes	streak-free
8	10	110.238	228.455	19.866	68.000	61.000	0.000	0.000	53.621	0	22.768	22.768	streak	0.475	free	80.265	80.265	105.900	116.191	yes	streak-free
9	11	107.130	287.999	25.043	45.719	61.000	-0.281	0.000	49.371	0	78.585	22.768	streak	0.477	free	89.510	89.510	106.221	116.527	yes	streak-free
10	12	104.384	235.344	20.465	48.734	22.281	-0.266	0.281	53.634	0	206.871	81.591	streak	0.538	bound	101.306	101.306	106.259	116.568	yes	streak-bound
11	13	97.391	283.776	24.676	53.516	68.375	-0.484	0.375	46.685	0	75.000	408.555	Undefined	0.516	bound	96.531	96.531	105.754	116.038	yes	Undefined-bound
12	14	103.297	142.802	12.418	64.047	36.875	0.047	-0.125	50.151	0	162.680	274.412	spot	0.459	free	94.224	94.224	105.743	116.026	yes	spot-free
13	17	97.216	263.744	22.934	71.750	42.000	-0.250	0.000	38.369	0	78.295	22.768	streak	0.395	free	82.898	82.898	104.563	114.789	yes	streak-free
14	18	107.077	217.137	18.881	56.984	86.000	-0.016	0.000	42.188	0	22.768	22.768	streak	0.427	free	100.143	100.143	104.831	115.069	yes	streak-free
15	19	101.849	220.290	19.156	73.000	68.984	0.000	-0.016	42.833	0	22.768	27.911	streak	0.403	free	85.224	85.224	104.795	115.032	yes	streak-free
16	20	100.845	268.617	23.358	90.656	55.000	-0.344	0.000	42.397	0	97.578	22.768	streak	0.397	free	87.306	87.306	104.712	114.945	yes	streak-free
17	21	108.042	212.106	18.444	39.000	23.016	0.000	0.016	46.681	0	22.768	26.680	streak	0.481	free	100.204	100.204	104.980	115.226	yes	streak-free
18	22	113.733	206.047	17.917	81.938	52.000	-0.062	0.000	45.321	0	109.375	22.768	streak	0.485	free	108.408	108.408	105.483	115.753	yes	streak-free
19	23	96.942	244.133	21.229	44.000	29.750	0.000	-0.250	42.806	0	22.768	105.743	streak	0.427	free	80.571	80.571	105.211	115.469	yes	streak-free
20	24	107.518	303.636	26.403	34.844	72.531	-0.156	-0.469	51.485	0	117.961	81.194	streak	0.404	free	78.449	78.449	105.403	115.670	yes	streak-free
21	25	101.596	231.494	20.130	76.828	34.000	-0.172	0.000	44.356	0	69.303	22.768	streak	0.409	free	76.408	76.408	105.343	115.607	yes	streak-free
22	26	106.302	255.644	22.230	26.000	15.312	0.000	0.312	44.884	0	22.768	81.475	streak	0.402	free	81.939	81.939	105.468	115.738	yes	streak-free
23	27	108.412	239.200	20.800	70.266	81.000	0.266	0.000	45.456	0	78.669	22.768	streak	0.433	free	98.306	98.306	105.663	115.942	yes	streak-free
24	29	96.045	280.805	24.418	89.500	13.719	-0.500	-0.281	38.150	0	91.073	138.359	streak	0.376	free	91.694	91.694	105.401	115.668	yes	streak-free
25	30	110.276	189.467	16.475	23.984	88.000	-0.016	0.000	43.822	0	22.947	22.768	streak	0.422	free	93.327	93.327	105.649	115.927	yes	streak-free
26	31	105.278	284.914	24.775	78.578	17.000	-0.422	0.000	40.397	0	91.073	22.768	streak	0.456	free	101.878	101.878	105.713	115.995	yes	streak-free
27	32	82.889	165.354	14.379	45.469	37.156	0.469	0.156	37.127	0	104.854	414.430	Undefined	0.424	free	81.837	81.837	105.051	115.300	yes	Undefined-free
28	33	108.711	183.253	15.935	77.000	24.000	0.000	0.000	42.732	0	22.768	22.768	streak	0.435	free	85.980	85.980	105.237	115.496	yes	streak-free
29	36	96.703	205.301	17.852	38.156	40.000	0.156	0.000	38.465	0	125.000	22.768	streak	0.413	free	78.592	78.592	104.583	114.810	yes	streak-free
30	40	88.815	187.583	16.312	62.156	69.609	0.156	-0.391	40.185	0	152.655	167.411	spot	0.383	free	81.020	81.020	104.209	114.417	yes	spot-free
31	41	111.432	233.301	20.287	45.609	49.000	-0.391	0.000	46.251	0	90.630	32.712	streak	0.433	free	87.878	87.878	104.467	114.687	yes	streak-free
32	43	99.572	224.760	19.544	71.312	28.000	0.312	0.000	42.927	0	89.126	22.768	streak	0.412	free	87.408	87.408	104.398	114.616	yes	streak-free
33	44	100.548	180.204	15.670	26.000	37.984	0.000	-0.016	47.201	0	24.995	22.768	streak	0.418	free	91.959	91.959	104.359	114.574	yes	streak-free
34	45	100.586	157.011	13.653	39.406	64.000	0.406	0.000	39.164	0	179.750	35.814	streak	0.420	free	96.143	96.143	104.322	114.535	yes	streak-free
35	49	96.911	220.208	19.148	63.328	30.000	0.328	0.000	40.701	0	100.051	22.768	streak	0.325	free	75.959	75.959	104.197	114.405	yes	streak-free
36	51	100.210	174.039	15.134	91.016	46.000	0.016	0.000	38.259	0	25.859	22.768	streak	0.317	free	86.898	86.898	104.157	114.363	yes	streak-free
37	53	95.547	216.509	18.827	66.312	90.000	0.312	0.000	37.725	0	91.660	22.768	streak	0.401	free	85.510	85.510	104.010	114.209	yes	streak-free
38	54	105.316	196.405	17.079	62.391	78.531	0.391	0.531	44.917	0	99.005	114.372	streak	0.429	free	94.898	94.898	104.092	114.295	yes	streak-free
39	56	106.035	140.392	12.208	87.969	62.344	-0.031	0.344	46.448	0	165.125	227.682	spot	0.484	free	95.122	95.122	104.186	114.394	yes	spot-free
40	70	107.396	157.567	13.701	20.391	16.484	-0.609	0.484	47.168	0	346.487	80.202	streak	0.467	free	83.796	83.796	103.164	113.321	yes	streak-free
41	82	96.955	265.288	23.069	52.609	12.562	-0.391	-0.438	39.173	0	86.517	86.372	streak	0.417	free	88.469	88.469	103.084	113.237	yes	streak-free
42	92	99.164	185.779	16.155	72.625	14.969	-0.375	-0.031	40.261	0	122.056	24.604	streak	0.408	free	85.673	85.673	103.052	113.203	yes	streak-free
