 	ROI	z	a	stoichiometry	xpos	ypos	x0	y0	Chi^2	Good?	wx	wy	streak or spot?	Correlation Coefficient	free or bound?	iFirst	iSecond	pthresh	realthreshold	Above threshold?	Shape-Binding
1	1	171.945	757.358	65.857	14.000	42.359	0.000	0.359	60.633	0	22.768	83.814	streak	0.586	bound	162.633	162.633	174.245	187.445	yes	streak-bound
2	2	144.586	490.082	42.616	44.000	73.203	0.000	0.203	57.106	0	22.768	86.139	streak	0.451	free	105.204	105.204	160.565	173.237	yes	streak-free
3	3	143.017	553.702	48.148	45.266	89.000	0.266	0.000	59.193	0	76.050	22.768	streak	0.473	free	119.347	119.347	155.483	167.952	yes	streak-free
4	7	148.669	327.762	28.501	86.422	90.984	0.422	-0.016	64.111	0	183.032	23.485	streak	0.459	free	124.306	124.306	144.766	156.798	yes	streak-free
5	8	152.072	396.939	34.516	49.234	52.000	0.234	0.000	56.987	0	71.753	22.768	streak	0.450	free	122.918	122.918	146.138	158.227	yes	streak-free
6	9	145.766	475.276	41.328	42.750	80.234	-0.250	0.234	64.855	0	83.772	81.080	streak	0.506	bound	132.592	132.592	146.379	158.478	yes	streak-bound
7	10	145.373	386.057	33.570	85.000	42.156	0.000	0.156	63.959	0	22.768	78.278	streak	0.451	free	127.755	127.755	146.523	158.628	yes	streak-free
8	11	159.535	393.727	34.237	37.250	55.000	0.250	0.000	67.176	0	73.855	25.853	streak	0.472	free	140.224	140.224	148.054	160.222	yes	streak-free
9	12	140.772	455.045	39.569	79.000	33.688	0.000	-0.312	59.123	0	28.651	84.588	streak	0.456	free	131.673	131.673	147.601	159.751	yes	streak-free
10	13	148.041	351.934	30.603	28.000	37.984	0.000	-0.016	58.839	0	28.651	23.485	streak	0.422	free	116.143	116.143	147.830	159.988	yes	streak-free
11	14	167.667	326.662	28.405	59.000	72.000	0.000	0.000	75.002	0	25.865	22.768	streak	0.512	bound	164.469	164.469	149.533	161.761	yes	streak-bound
12	16	146.914	492.454	42.822	40.000	46.594	0.000	-0.406	64.943	0	22.768	84.125	streak	0.477	free	109.796	109.796	149.933	162.178	yes	streak-free
13	18	157.353	500.511	43.523	9.156	34.625	0.156	-0.375	64.137	0	82.298	80.560	streak	0.455	free	134.429	134.429	150.541	162.810	yes	streak-free
14	19	161.868	293.384	25.512	49.000	11.000	0.000	0.000	63.248	0	22.768	22.768	streak	0.468	free	131.490	131.490	151.342	163.644	yes	streak-free
15	20	149.073	288.476	25.085	14.984	90.500	-0.016	0.500	53.753	0	23.858	154.171	Undefined	0.439	free	137.673	137.673	151.344	163.646	yes	Undefined-free
16	21	159.574	418.914	36.427	13.422	52.000	0.422	0.000	61.766	0	97.144	22.768	streak	0.466	free	140.918	140.918	151.898	164.223	yes	streak-free
17	23	149.604	296.557	25.788	8.000	65.000	0.000	0.000	68.055	0	22.768	117.339	streak	0.463	free	141.816	141.816	150.724	163.001	yes	streak-free
18	24	165.915	264.506	23.001	55.000	66.000	0.000	0.000	71.919	0	22.768	22.768	streak	0.468	free	128.837	128.837	151.519	163.828	yes	streak-free
19	25	147.693	218.527	19.002	65.000	14.297	0.000	0.297	58.285	0	22.768	285.507	Undefined	0.486	free	145.796	145.796	151.453	163.759	yes	Undefined-free
20	26	145.375	291.245	25.326	51.000	23.234	0.000	0.234	67.572	0	22.768	121.430	streak	0.483	free	137.673	137.673	151.295	163.595	yes	streak-free
21	27	169.889	258.619	22.489	80.984	81.000	-0.016	0.000	61.128	0	22.768	22.768	streak	0.436	free	153.653	153.653	152.131	164.465	yes	streak-free
22	28	153.848	273.932	23.820	50.984	87.000	-0.016	0.000	59.407	0	22.768	22.768	streak	0.457	free	134.755	134.755	152.286	164.626	yes	streak-free
23	29	140.142	241.458	20.996	22.984	50.844	-0.016	-0.156	59.517	0	22.768	201.416	Undefined	0.449	free	123.592	123.592	151.921	164.247	yes	Undefined-free
24	31	134.993	171.118	14.880	75.891	84.688	0.891	-1.312	62.544	0	119.150	450.227	Undefined	0.498	free	133.878	133.878	151.675	163.991	yes	Undefined-free
25	32	132.850	266.568	23.180	12.000	83.109	0.000	0.109	61.410	0	23.485	157.281	Undefined	0.407	free	118.184	118.184	151.124	163.417	yes	Undefined-free
26	33	168.327	275.126	23.924	27.609	57.328	-0.391	0.328	75.146	0	274.523	85.869	streak	0.530	bound	139.755	139.755	151.753	164.072	yes	streak-bound
27	34	168.746	352.764	30.675	80.375	71.000	0.375	0.000	67.701	0	81.496	23.485	streak	0.429	free	127.857	127.857	152.356	164.699	yes	streak-free
28	36	152.445	223.664	19.449	24.672	65.984	-0.328	-0.016	56.154	0	171.833	22.768	streak	0.370	free	124.122	124.122	152.429	164.775	yes	streak-free
29	37	151.634	226.652	19.709	54.297	50.922	0.297	-0.078	69.749	0	192.073	60.715	streak	0.403	free	122.551	122.551	152.473	164.821	yes	streak-free
30	39	141.922	259.538	22.569	19.000	22.000	0.000	0.000	62.717	0	23.130	22.768	streak	0.367	free	102.306	102.306	151.210	163.507	yes	streak-free
31	41	142.778	256.663	22.319	71.016	40.016	0.016	0.016	53.689	0	24.976	29.328	streak	0.394	free	125.388	125.388	151.044	163.334	yes	streak-free
32	42	138.534	294.373	25.598	77.609	13.516	-0.391	0.516	61.366	0	228.741	95.503	streak	0.407	free	129.959	129.959	150.775	163.055	yes	streak-free
33	43	143.572	249.344	21.682	16.000	74.000	0.000	0.000	66.760	0	22.768	22.768	streak	0.417	free	125.837	125.837	150.650	162.924	yes	streak-free
34	44	143.231	198.988	17.303	25.219	80.859	0.219	-0.141	63.921	0	249.446	110.386	streak	0.422	free	113.694	113.694	150.522	162.791	yes	streak-free
35	46	136.925	431.799	37.548	68.000	76.422	0.000	0.422	61.795	0	22.768	79.889	streak	0.414	free	116.122	116.122	150.246	162.504	yes	streak-free
36	48	145.945	471.602	41.009	80.000	59.469	0.000	0.469	58.990	0	22.768	79.488	streak	0.437	free	109.939	109.939	150.199	162.454	yes	streak-free
37	50	142.875	313.328	27.246	37.000	68.719	0.000	-0.281	63.014	0	22.768	75.432	streak	0.454	free	134.857	134.857	149.712	161.948	yes	streak-free
38	51	138.312	266.257	23.153	83.000	48.859	0.000	-0.141	48.905	0	29.106	72.424	streak	0.360	free	121.429	121.429	149.510	161.738	yes	streak-free
39	52	147.650	238.230	20.716	33.000	45.000	0.000	0.000	51.122	0	22.768	22.768	streak	0.425	free	133.245	133.245	149.520	161.748	yes	streak-free
40	53	139.169	235.974	20.519	60.000	23.797	0.000	-0.203	54.657	0	22.768	174.279	Undefined	0.366	free	113.510	113.510	149.348	161.569	yes	Undefined-free
41	56	127.338	307.456	26.735	31.797	18.797	-0.203	-0.203	48.780	0	80.887	80.820	streak	0.317	free	106.327	106.327	148.514	160.701	yes	streak-free
42	57	145.685	280.573	24.398	65.953	31.719	-0.047	-0.281	62.618	0	121.006	113.841	streak	0.472	free	144.714	144.714	148.504	160.690	yes	streak-free
43	60	155.235	217.483	18.912	69.000	59.000	0.000	0.000	57.027	0	22.768	22.768	streak	0.420	free	122.551	122.551	148.681	160.874	yes	streak-free
44	62	140.174	184.873	16.076	54.859	28.812	-0.141	-0.188	63.831	0	89.875	260.417	Undefined	0.409	free	117.898	117.898	148.561	160.750	yes	Undefined-free
45	63	137.292	262.718	22.845	88.297	35.125	0.297	0.125	60.495	0	79.461	204.649	Undefined	0.426	free	125.939	125.939	148.392	160.574	yes	Undefined-free
46	64	172.820	281.283	24.459	72.609	52.000	-0.391	0.000	54.128	0	87.317	22.768	streak	0.431	free	156.102	156.102	148.887	161.089	yes	streak-free
47	65	141.197	203.811	17.723	34.797	11.281	-0.203	0.281	52.999	0	353.734	80.119	streak	0.393	free	139.184	139.184	148.789	160.987	yes	streak-free
48	68	141.736	249.271	21.676	56.266	47.000	0.266	0.000	58.897	0	84.628	36.863	streak	0.382	free	119.367	119.367	148.704	160.899	yes	streak-free
49	69	131.933	365.092	31.747	34.578	35.031	-0.422	0.031	54.125	0	79.889	96.823	streak	0.328	free	121.204	121.204	148.450	160.634	yes	streak-free
50	76	149.002	192.135	16.707	66.000	51.000	0.000	0.000	56.918	0	22.768	22.768	streak	0.396	free	122.551	122.551	147.132	159.262	yes	streak-free
51	86	158.394	176.245	15.326	86.984	72.000	-0.016	0.000	51.389	0	22.768	22.768	streak	0.344	free	129.510	129.510	147.354	159.493	yes	streak-free
