 	ROI	z	a	stoichiometry	xpos	ypos	x0	y0	Chi^2	Good?	wx	wy	streak or spot?	Correlation Coefficient	free or bound?	iFirst	iSecond	pthresh	realthreshold	Above threshold?	Shape-Binding
1	1	147.174	420.815	70.136	41.000	65.391	0.000	0.391	63.382	0	22.768	130.104	streak	0.488	free	124.143	124.143	148.374	160.555	yes	streak-free
2	2	147.431	350.531	58.422	11.234	78.969	0.234	-0.031	56.044	0	196.777	24.040	streak	0.422	free	129.102	129.102	148.503	160.689	yes	streak-free
3	3	144.707	394.879	65.813	67.000	27.000	0.000	0.000	56.141	0	22.768	22.768	streak	0.465	free	127.449	127.449	147.638	159.788	yes	streak-free
4	4	153.646	378.925	63.154	33.000	73.984	0.000	-0.016	54.974	0	25.467	22.768	streak	0.440	free	142.286	142.286	149.440	161.664	yes	streak-free
5	5	138.905	386.816	64.469	12.000	63.000	0.000	0.000	63.627	0	22.768	22.768	streak	0.450	free	112.102	112.102	147.573	159.721	yes	streak-free
6	6	149.282	369.545	61.591	86.984	20.000	-0.016	0.000	70.706	0	22.768	22.768	streak	0.445	free	113.122	113.122	148.058	160.226	yes	streak-free
7	7	140.030	435.380	72.563	54.281	75.000	0.281	0.000	58.693	0	95.503	22.768	streak	0.457	free	128.265	128.265	147.082	159.210	yes	streak-free
8	9	148.293	346.111	57.685	50.000	21.000	0.000	0.000	62.823	0	22.768	22.768	streak	0.432	free	109.796	109.796	146.205	158.296	yes	streak-free
9	10	158.523	407.659	67.943	18.250	49.188	0.250	0.188	64.696	0	80.801	82.171	streak	0.439	free	128.490	128.490	147.557	159.704	yes	streak-free
10	13	142.095	508.134	84.689	35.000	41.453	0.000	0.453	51.289	0	22.768	91.073	streak	0.413	free	128.673	128.673	148.078	160.247	yes	streak-free
11	15	141.759	322.066	53.678	71.031	43.984	0.031	-0.016	64.185	0	87.500	23.485	streak	0.465	free	122.204	122.204	147.360	159.499	yes	streak-free
12	16	145.016	312.973	52.162	70.000	11.000	0.000	0.000	53.288	0	22.768	22.768	streak	0.379	free	120.122	120.122	147.284	159.420	yes	streak-free
13	17	132.399	271.549	45.258	55.000	38.906	0.000	-0.094	59.380	0	22.768	233.401	Undefined	0.450	free	116.490	116.490	146.428	158.529	yes	Undefined-free
14	19	143.608	327.998	54.666	87.250	85.016	0.250	0.016	60.085	0	160.177	22.947	streak	0.477	free	139.837	139.837	146.314	158.410	yes	streak-free
15	20	132.846	397.240	66.207	8.000	45.688	0.000	-0.312	47.114	0	22.768	84.588	streak	0.382	free	129.939	129.939	145.668	157.737	yes	streak-free
16	22	155.493	290.854	48.476	79.000	79.000	0.000	0.000	76.818	0	22.768	24.237	streak	0.452	free	114.735	114.735	146.190	158.280	yes	streak-free
17	23	149.325	297.444	49.574	7.984	86.000	-0.016	0.000	54.567	0	22.768	22.768	streak	0.387	free	127.776	127.776	146.387	158.486	yes	streak-free
18	24	138.486	250.172	41.695	84.000	62.812	0.000	-0.188	62.414	0	22.768	223.877	Undefined	0.418	free	120.286	120.286	146.095	158.182	yes	Undefined-free
19	25	152.097	289.635	48.273	90.000	58.000	0.000	0.000	49.994	0	22.768	22.768	streak	0.411	free	126.061	126.061	146.395	158.495	yes	streak-free
20	26	153.086	321.089	53.515	21.000	66.234	0.000	0.234	60.383	0	22.768	71.753	streak	0.387	free	121.265	121.265	146.711	158.823	yes	streak-free
21	27	158.005	365.206	60.868	34.344	23.000	0.344	0.000	47.247	0	88.113	22.768	streak	0.407	free	147.367	147.367	147.191	159.324	yes	streak-free
22	28	137.718	376.606	62.768	40.000	74.297	0.000	0.297	55.147	0	22.768	81.496	streak	0.380	free	111.408	111.408	146.885	159.005	yes	streak-free
23	29	151.699	315.814	52.636	86.953	74.312	-0.047	0.312	55.438	0	195.337	85.204	streak	0.431	free	141.918	141.918	147.100	159.228	yes	streak-free
24	30	148.127	342.269	57.045	11.000	25.312	0.000	0.312	66.303	0	26.860	92.518	streak	0.402	free	121.061	121.061	147.177	159.308	yes	streak-free
25	31	152.498	348.828	58.138	61.250	20.000	0.250	0.000	62.811	0	71.377	22.768	streak	0.446	free	139.388	139.388	147.394	159.535	yes	streak-free
26	35	139.487	463.100	77.183	52.000	90.422	0.000	0.422	60.102	0	22.768	83.883	streak	0.413	free	118.204	118.204	147.178	159.309	yes	streak-free
27	36	132.351	298.052	49.675	51.688	55.000	-0.312	0.000	50.411	0	145.798	22.768	streak	0.347	free	117.286	117.286	146.752	158.866	yes	streak-free
28	38	138.143	221.016	36.836	42.844	83.250	-0.156	0.250	52.080	0	69.529	257.657	Undefined	0.376	free	133.429	133.429	146.527	158.632	yes	Undefined-free
29	39	151.345	341.978	56.996	56.297	46.078	0.297	0.078	61.982	0	81.194	124.023	streak	0.406	free	132.592	132.592	146.704	158.817	yes	streak-free
30	40	142.229	309.750	51.625	83.000	37.219	0.000	0.219	52.933	0	22.768	74.843	streak	0.371	free	119.041	119.041	146.611	158.719	yes	streak-free
31	41	152.204	355.500	59.250	27.625	27.953	-0.375	-0.047	46.525	0	82.137	120.163	streak	0.391	free	154.633	154.633	146.799	158.916	yes	streak-free
32	42	123.158	156.770	26.128	76.141	60.875	-0.859	-0.125	54.149	0	443.514	165.511	Undefined	0.425	free	127.694	127.694	146.193	158.284	no	Undefined-free
33	43	145.930	454.144	75.691	49.547	10.625	-0.453	-0.375	52.424	0	87.187	100.366	streak	0.397	free	126.122	126.122	146.218	158.310	yes	streak-free
34	46	125.219	166.426	27.738	42.719	42.453	-0.281	0.453	51.525	0	218.869	357.180	spot	0.429	free	129.020	129.020	146.312	158.408	yes	spot-free
35	48	157.486	316.039	52.673	90.469	28.734	-0.531	0.734	62.366	0	95.361	122.789	streak	0.459	free	141.082	141.082	146.614	158.722	yes	streak-free
36	50	148.008	245.135	40.856	57.000	62.984	0.000	-0.016	64.047	0	22.768	23.485	streak	0.473	free	125.857	125.857	146.675	158.786	yes	streak-free
37	52	161.193	230.077	38.346	26.984	14.000	-0.016	0.000	58.459	0	22.768	22.768	streak	0.389	free	135.714	135.714	145.753	157.825	yes	streak-free
38	60	144.073	231.500	38.583	40.000	55.000	0.000	0.000	63.073	0	22.768	22.768	streak	0.345	free	101.755	101.755	145.673	157.742	yes	streak-free
39	61	149.471	228.673	38.112	83.984	51.000	-0.016	0.000	65.149	0	22.768	22.768	streak	0.340	free	105.612	105.612	145.777	157.851	yes	streak-free
40	66	135.432	99.055	16.509	25.750	61.609	-0.250	0.609	53.779	0	220.822	350.484	spot	0.377	free	125.980	125.980	145.590	157.656	no	spot-free
41	74	162.154	193.410	32.235	13.156	53.500	0.156	-0.500	66.908	0	178.759	101.067	streak	0.454	free	135.959	135.959	145.946	158.026	yes	streak-free
42	82	144.764	290.847	48.474	62.359	76.000	0.359	0.000	59.028	0	82.504	22.768	streak	0.342	free	104.204	104.204	145.946	158.027	yes	streak-free
43	96	139.998	192.808	32.135	28.000	22.000	0.000	0.000	55.595	0	22.768	22.768	streak	0.347	free	93.980	93.980	145.855	157.932	yes	streak-free
