ROI	z	a	stoichiometry	xpos	ypos	x0	y0	Chi^2	Good?	wx	wy	streak or spot?	Correlation Coefficient	free or bound?	iFirst	iSecond	pthresh	realthreshold	Above threshold?	Shape-Binding
1	78.673	302.709	26.322	79.234	50.000	0.234	0.000	32.388	0	75.432	23.491	streak	0.505	bound	77.612	77.612	80.973	89.972	yes	streak-bound
2	68.206	183.016	15.914	59.266	32.953	0.266	-0.047	31.902	0	77.866	432.784	Undefined	0.531	bound	69.898	69.898	75.740	84.442	yes	Undefined-bound
3	73.133	276.960	24.083	57.000	11.188	0.000	0.188	29.211	0	22.768	68.425	streak	0.464	free	61.163	61.163	75.638	84.335	yes	streak-free
4	82.403	267.477	23.259	46.781	28.734	-0.219	-0.266	36.935	0	78.200	89.338	streak	0.505	bound	69.020	69.020	77.904	86.730	yes	streak-bound
5	80.802	214.746	18.674	26.031	60.000	0.031	0.000	36.001	0	29.684	22.768	streak	0.465	free	64.122	64.122	78.943	87.828	yes	streak-free
6	80.796	208.084	18.094	42.984	42.000	-0.016	0.000	34.988	0	23.127	27.700	streak	0.484	free	70.755	70.755	79.636	88.559	yes	streak-free
7	78.281	205.922	17.906	29.000	41.000	0.000	0.000	34.037	0	24.622	22.768	streak	0.424	free	63.204	63.204	79.771	88.702	yes	streak-free
8	79.141	274.801	23.896	40.578	64.516	-0.422	-0.484	35.504	0	136.407	83.159	streak	0.492	free	61.408	61.408	79.979	88.923	yes	streak-free
9	84.403	285.724	24.846	81.891	81.594	-0.109	-0.406	35.883	0	90.573	79.889	streak	0.497	free	77.469	77.469	80.727	89.711	yes	streak-free
10	71.562	230.079	20.007	52.688	41.000	-0.312	0.000	30.284	0	83.883	22.768	streak	0.430	free	65.673	65.673	80.040	88.987	yes	streak-free
11	68.707	144.420	12.558	83.219	27.562	0.219	-0.438	28.253	0	184.462	173.113	spot	0.433	free	67.204	67.204	79.219	88.119	yes	spot-free
12	73.805	209.302	18.200	34.797	19.250	-0.203	0.250	29.322	0	73.391	108.442	streak	0.452	free	68.816	68.816	78.959	87.845	yes	streak-free
13	80.445	232.766	20.241	58.000	44.625	0.000	-0.375	35.635	0	22.768	81.860	streak	0.468	free	69.755	69.755	79.251	88.153	yes	streak-free
14	79.629	128.432	11.168	85.172	63.734	0.172	-0.266	31.125	0	188.757	127.213	spot	0.450	free	82.224	82.224	79.442	88.355	yes	spot-free
15	70.514	209.420	18.210	73.297	56.000	0.297	0.000	25.253	0	84.468	30.671	streak	0.370	free	64.449	64.449	79.000	87.888	yes	streak-free
16	73.809	246.575	21.441	9.438	25.297	0.438	0.297	30.774	0	95.673	89.500	streak	0.419	free	60.980	60.980	78.819	87.697	yes	streak-free
17	82.031	157.415	13.688	57.984	20.000	-0.016	0.000	30.978	0	22.947	22.768	streak	0.429	free	69.878	69.878	79.144	88.040	yes	streak-free
18	76.210	158.790	13.808	23.000	46.000	0.000	0.000	31.574	0	22.768	22.768	streak	0.404	free	54.776	54.776	79.108	88.003	yes	streak-free
21	81.680	104.888	9.121	69.891	14.469	-0.109	-0.531	33.858	0	106.189	341.790	Undefined	0.455	free	80.939	80.939	79.902	88.840	yes	Undefined-free
22	77.140	77.411	6.731	70.000	29.500	0.000	-0.500	40.373	0	29.106	477.277	Undefined	0.465	free	65.612	65.612	79.880	88.817	no	Undefined-free
23	77.391	263.127	22.881	25.500	78.391	0.500	0.391	27.708	0	88.162	99.127	streak	0.446	free	65.551	65.551	79.871	88.808	yes	streak-free
26	76.524	119.396	10.382	27.953	68.000	-0.047	0.000	33.101	0	232.544	22.768	streak	0.424	free	66.714	66.714	79.825	88.760	yes	streak-free
27	71.547	80.762	7.023	91.250	84.578	0.250	-0.422	30.263	0	128.813	483.398	Undefined	0.423	free	69.367	69.367	79.576	88.497	no	Undefined-free
28	82.668	207.860	18.075	44.000	11.422	0.000	0.422	39.681	0	22.768	91.747	streak	0.389	free	61.653	61.653	79.792	88.725	yes	streak-free
33	72.327	143.547	12.482	14.000	47.000	0.000	0.000	30.955	0	22.768	22.768	streak	0.385	free	56.980	56.980	78.897	87.779	yes	streak-free
35	71.119	91.711	7.975	7.625	76.250	-0.375	-1.750	29.201	0	92.518	444.411	Undefined	0.407	free	73.796	73.796	78.714	87.586	yes	Undefined-free
36	74.168	236.030	20.524	72.531	77.000	-0.469	0.000	30.125	0	91.073	22.768	streak	0.418	free	71.061	71.061	78.642	87.510	yes	streak-free
40	74.753	82.824	7.202	84.094	14.828	0.094	-0.172	28.944	0	98.711	337.833	Undefined	0.419	free	71.102	71.102	78.653	87.522	no	Undefined-free
42	71.526	138.539	12.047	18.000	17.000	0.000	0.000	25.616	0	24.286	22.768	streak	0.395	free	70.612	70.612	78.511	87.372	yes	streak-free
44	75.604	134.328	11.681	67.000	74.000	0.000	0.000	30.655	0	22.768	22.768	streak	0.353	free	60.551	60.551	78.494	87.353	yes	streak-free
45	73.475	171.987	14.955	8.000	55.250	0.000	0.250	31.556	0	22.768	72.036	streak	0.401	free	63.429	63.429	78.418	87.273	yes	streak-free
50	74.544	165.455	14.387	52.000	59.375	0.000	0.375	33.041	0	22.768	120.871	streak	0.398	free	54.531	54.531	78.300	87.149	yes	streak-free
51	72.158	238.878	20.772	31.578	78.406	-0.422	0.406	26.398	0	93.247	135.129	streak	0.399	free	70.306	70.306	78.202	87.045	yes	streak-free
53	82.031	122.867	10.684	86.000	37.000	0.000	0.000	36.626	0	22.768	22.768	streak	0.325	free	55.224	55.224	78.085	86.921	yes	streak-free
59	83.420	166.322	14.463	76.000	64.359	0.000	0.359	22.728	0	42.960	82.622	streak	0.348	free	72.490	72.490	78.267	87.113	yes	streak-free
61	78.330	175.823	15.289	19.422	73.375	0.422	0.375	27.538	0	94.660	95.764	streak	0.353	free	67.388	67.388	78.321	87.171	yes	streak-free
62	75.974	73.478	6.389	44.203	15.000	0.203	0.000	36.635	0	435.475	23.485	streak	0.423	free	72.306	72.306	78.320	87.170	no	streak-free
64	79.638	139.582	12.138	21.000	33.109	0.000	0.109	29.443	0	22.768	151.154	Undefined	0.421	free	70.959	70.959	78.401	87.255	yes	Undefined-free
69	74.670	68.790	5.982	16.000	27.266	0.000	-1.734	27.407	0	22.768	456.452	Undefined	0.377	free	67.510	67.510	78.276	87.123	no	Undefined-free
72	67.585	145.890	12.686	8.750	85.000	-0.250	0.000	22.942	0	86.816	26.263	streak	0.261	free	64.939	64.939	78.101	86.939	yes	streak-free
73	78.406	95.981	8.346	59.094	87.859	0.094	-0.141	29.857	0	76.175	196.875	Undefined	0.380	free	68.388	68.388	78.154	86.995	yes	Undefined-free
82	68.176	93.005	8.087	49.000	79.266	0.000	-0.734	28.686	0	22.768	220.510	Undefined	0.390	free	55.755	55.755	78.001	86.833	yes	Undefined-free
113	71.552	103.022	8.958	41.375	88.906	0.375	0.906	24.366	0	83.159	271.652	Undefined	0.321	free	61.959	61.959	77.882	86.707	yes	Undefined-free
118	70.204	170.173	14.798	67.500	91.000	-0.500	0.000	24.589	0	92.518	27.755	streak	0.327	free	64.959	64.959	77.781	86.600	yes	streak-free
