 	ROI	z	a	stoichiometry	xpos	ypos	x0	y0	Chi^2	Good?	wx	wy	streak or spot?	Correlation Coefficient	free or bound?	iFirst	iSecond	pthresh	realthreshold	Above threshold?	Shape-Binding
1	1	118.886	380.957	63.493	67.984	64.000	-0.016	0.000	41.795	0	22.768	22.768	streak	0.492	free	109.837	109.837	120.086	131.045	yes	streak-free
2	2	109.701	357.887	59.648	34.922	10.000	-0.078	0.000	46.344	0	89.180	22.768	streak	0.485	free	108.041	108.041	115.494	126.240	yes	streak-free
3	3	116.547	434.331	72.388	39.672	49.828	-0.328	-0.172	62.556	0	86.589	89.341	streak	0.510	bound	93.143	93.143	116.245	127.026	yes	streak-bound
4	4	118.084	327.991	54.665	61.156	25.391	0.156	0.391	49.953	0	250.695	88.659	streak	0.509	bound	116.592	116.592	117.005	127.821	yes	streak-bound
5	5	118.662	315.421	52.570	34.000	23.984	0.000	-0.016	44.172	0	22.768	27.042	streak	0.415	free	100.531	100.531	117.576	128.419	yes	streak-free
6	6	130.635	379.975	63.329	72.000	79.297	0.000	0.297	61.153	0	22.768	80.202	streak	0.522	bound	104.755	104.755	119.952	130.905	yes	streak-bound
7	7	110.672	263.398	43.900	78.703	88.172	-0.297	0.172	40.234	0	176.225	114.398	spot	0.442	free	103.469	103.469	118.798	129.698	yes	spot-free
8	8	119.101	246.179	41.030	80.000	37.719	0.000	-0.281	56.526	0	22.768	188.851	Undefined	0.442	free	108.204	108.204	118.986	129.894	yes	Undefined-free
9	10	108.704	343.080	57.180	71.000	23.734	0.000	-0.266	46.542	0	26.214	134.261	streak	0.455	free	97.592	97.592	116.581	127.378	yes	streak-free
10	11	118.457	283.949	47.325	83.984	82.000	-0.016	0.000	47.422	0	23.873	22.768	streak	0.357	free	82.959	82.959	116.860	127.671	yes	streak-free
11	12	107.884	410.211	68.369	42.516	68.938	-0.484	-0.062	43.942	0	91.790	108.686	streak	0.408	free	106.612	106.612	116.212	126.993	yes	streak-free
12	13	118.025	278.014	46.336	60.000	40.000	0.000	0.000	52.115	0	22.768	22.768	streak	0.449	free	96.184	96.184	116.444	127.235	yes	streak-free
13	14	122.079	270.535	45.089	8.984	35.000	-0.016	0.000	54.266	0	27.911	22.768	streak	0.450	free	103.224	103.224	116.932	127.746	yes	streak-free
14	15	110.186	279.700	46.617	43.000	31.000	0.000	0.000	53.556	0	22.768	22.768	streak	0.391	free	86.673	86.673	116.563	127.359	yes	streak-free
15	16	113.979	342.982	57.164	83.703	51.000	-0.297	0.000	51.397	0	81.496	30.243	streak	0.413	free	96.388	96.388	116.476	127.269	yes	streak-free
16	17	109.901	376.987	62.831	38.234	18.219	0.234	0.219	43.631	0	75.395	83.714	streak	0.418	free	93.020	93.020	116.160	126.938	yes	streak-free
17	18	105.242	409.375	68.229	56.328	56.609	0.328	-0.391	43.709	0	82.714	106.251	streak	0.436	free	107.163	107.163	115.620	126.373	yes	streak-free
18	19	117.965	254.429	42.405	86.000	31.000	0.000	0.000	64.122	0	22.768	22.768	streak	0.487	free	91.367	91.367	115.807	126.568	yes	streak-free
19	20	107.336	421.217	70.203	72.469	35.000	0.469	0.000	50.083	0	92.518	22.768	streak	0.480	free	93.347	93.347	115.443	126.188	yes	streak-free
20	21	116.873	317.034	52.839	53.000	76.250	0.000	0.250	39.728	0	22.768	72.036	streak	0.341	free	100.551	100.551	115.568	126.319	yes	streak-free
21	22	116.056	369.861	61.643	27.641	78.000	-0.359	0.000	46.117	0	78.949	22.768	streak	0.431	free	106.020	106.020	115.645	126.399	yes	streak-free
22	27	110.775	416.141	69.357	48.422	8.000	0.422	0.000	52.680	0	82.758	22.768	streak	0.369	free	89.531	89.531	115.159	125.890	yes	streak-free
23	29	114.033	220.092	36.682	51.984	35.656	-0.016	-0.344	40.736	0	301.440	97.848	streak	0.419	free	111.347	111.347	115.162	125.893	yes	streak-free
24	30	114.372	134.504	22.417	17.031	71.000	-1.969	0.000	50.517	0	492.436	22.768	streak	0.459	free	96.143	96.143	115.178	125.910	yes	streak-free
25	34	118.643	178.441	29.740	28.344	65.016	0.344	0.016	47.638	0	80.461	353.910	Undefined	0.459	free	118.204	118.204	115.351	126.091	yes	Undefined-free
26	35	111.885	153.823	25.637	73.797	42.297	-0.203	0.297	49.260	0	279.320	150.491	spot	0.458	free	103.163	103.163	115.270	126.006	yes	spot-free
27	37	129.482	203.340	33.890	82.000	73.000	0.000	0.000	50.431	0	22.768	22.768	streak	0.434	free	99.898	99.898	115.801	126.562	yes	streak-free
28	40	95.675	206.684	34.447	80.359	23.312	0.359	-0.688	38.906	0	187.364	109.146	spot	0.377	free	88.449	88.449	112.612	123.224	yes	spot-free
29	41	134.444	240.617	40.103	38.750	89.000	-0.250	0.000	43.950	0	71.858	22.768	streak	0.347	free	115.633	115.633	113.332	123.978	yes	streak-free
30	43	106.616	285.323	47.554	28.688	40.750	-0.312	-0.250	50.752	0	101.156	156.885	Undefined	0.403	free	85.061	85.061	112.581	123.191	yes	Undefined-free
31	44	105.923	258.303	43.051	71.656	13.312	-0.344	0.312	40.866	0	80.709	293.005	Undefined	0.413	free	101.143	101.143	112.425	123.028	yes	Undefined-free
32	47	119.770	203.840	33.973	41.812	75.578	-0.188	-0.422	49.289	0	352.713	79.847	streak	0.423	free	101.020	101.020	112.662	123.276	yes	streak-free
33	49	127.311	187.914	31.319	52.000	27.000	0.000	0.000	51.845	0	22.768	26.636	streak	0.428	free	102.878	102.878	112.800	123.421	yes	streak-free
34	53	116.539	271.667	45.278	60.547	73.000	-0.453	0.000	49.170	0	115.452	22.768	streak	0.442	free	97.959	97.959	112.927	123.554	yes	streak-free
35	54	117.068	133.398	22.233	27.000	14.141	0.000	0.141	52.231	0	22.768	442.749	Undefined	0.435	free	100.429	100.429	113.060	123.693	yes	Undefined-free
36	55	123.505	151.227	25.205	18.484	76.297	-0.516	0.297	56.070	0	156.125	128.829	spot	0.424	free	102.816	102.816	113.344	123.991	yes	spot-free
37	56	117.025	512.124	85.354	9.578	42.422	-0.422	0.422	55.037	0	88.670	90.197	streak	0.391	free	78.122	78.122	113.461	124.112	yes	streak-free
38	61	113.583	208.490	34.748	62.297	49.750	0.297	-0.250	42.057	0	81.458	174.010	Undefined	0.388	free	96.224	96.224	112.961	123.590	yes	Undefined-free
39	63	113.750	292.816	48.803	10.562	76.922	-0.438	-0.078	37.579	0	73.775	134.794	streak	0.301	free	98.020	98.020	113.005	123.636	yes	streak-free
40	64	104.211	361.152	60.192	48.000	47.453	0.000	0.453	48.365	0	22.768	80.040	streak	0.381	free	84.776	84.776	112.840	123.463	yes	streak-free
41	65	106.493	191.374	31.896	17.984	48.000	-0.016	0.000	46.151	0	22.768	22.768	streak	0.365	free	92.714	92.714	112.731	123.348	yes	streak-free
42	74	113.567	237.620	39.603	46.609	63.000	-0.391	0.000	39.424	0	91.073	29.273	streak	0.332	free	98.082	98.082	112.773	123.393	yes	streak-free
43	77	109.786	165.329	27.555	79.016	50.266	0.016	0.266	41.924	0	228.006	81.098	streak	0.379	free	100.694	100.694	112.737	123.354	yes	streak-free
44	82	90.324	215.311	35.885	45.453	15.125	0.453	0.125	43.826	0	78.847	281.926	Undefined	0.342	free	72.122	72.122	112.312	122.910	yes	Undefined-free
45	85	109.935	188.752	31.459	59.219	13.578	0.219	-0.422	46.548	0	212.431	91.073	streak	0.391	free	99.367	99.367	111.342	121.893	yes	streak-free
46	86	105.307	175.793	29.299	66.922	88.984	-0.078	-0.016	38.564	0	125.000	23.127	streak	0.313	free	86.000	86.000	111.250	121.798	yes	streak-free
47	102	113.406	69.836	11.639	79.859	64.078	-0.141	1.078	46.519	0	98.938	337.028	Undefined	0.306	free	84.653	84.653	111.044	121.581	no	Undefined-free
