ROI	z	a	stoichiometry	xpos	ypos	x0	y0	Chi^2	Good?	wx	wy	streak or spot?	Correlation Coefficient	free or bound?	iFirst	iSecond	pthresh	realthreshold	Above threshold?	Shape-Binding
1	141.875	435.881	37.903	48.734	36.000	-0.266	0.000	55.203	0	80.209	22.768	streak	0.459	free	119.327	119.327	144.175	156.182	yes	streak-free
2	135.244	348.405	30.296	89.000	85.000	0.000	0.000	52.416	0	22.768	22.768	streak	0.404	free	101.143	101.143	140.859	152.728	yes	streak-free
3	142.643	415.436	36.125	61.297	27.000	0.297	0.000	55.157	0	78.565	22.768	streak	0.479	free	114.939	114.939	142.221	154.146	yes	streak-free
4	125.720	402.179	34.972	33.188	88.703	0.188	-0.297	53.747	0	108.777	123.145	streak	0.436	free	104.469	104.469	138.670	150.446	yes	streak-free
5	136.564	367.785	31.981	26.359	59.312	0.359	-0.688	51.672	0	75.305	226.242	Undefined	0.500	bound	129.347	129.347	138.709	150.487	yes	Undefined-bound
6	148.719	355.787	30.938	12.531	29.000	-0.469	0.000	67.245	0	81.331	215.015	Undefined	0.514	bound	143.816	143.816	140.761	152.625	yes	Undefined-bound
7	121.958	334.308	29.070	49.000	25.000	0.000	0.000	47.947	0	22.768	22.768	streak	0.384	free	95.408	95.408	138.403	150.168	yes	streak-free
8	134.554	315.112	27.401	49.984	52.000	-0.016	0.000	71.994	0	23.485	22.768	streak	0.465	free	89.959	89.959	138.210	149.966	yes	streak-free
9	122.302	224.220	19.497	83.344	15.000	0.344	0.000	47.118	0	360.345	22.768	streak	0.473	free	129.735	129.735	136.698	148.389	yes	streak-free
10	136.592	386.901	33.644	57.266	90.000	0.266	0.000	56.565	0	76.649	22.768	streak	0.456	free	110.000	110.000	136.917	148.618	yes	streak-free
11	128.870	297.372	25.858	16.297	15.328	0.297	0.328	55.399	0	78.790	234.718	Undefined	0.426	free	117.388	117.388	136.395	148.073	yes	Undefined-free
12	135.036	524.378	45.598	77.578	69.250	-0.422	0.250	53.827	0	84.588	85.917	streak	0.480	free	119.878	119.878	136.473	148.155	yes	streak-free
14	126.650	381.918	33.210	84.297	64.000	0.297	0.000	53.001	0	78.790	22.768	streak	0.434	free	104.796	104.796	135.894	147.552	yes	streak-free
17	126.117	514.364	44.727	85.344	57.422	0.344	0.422	50.228	0	80.040	88.788	streak	0.442	free	113.531	113.531	135.360	146.995	yes	streak-free
18	132.019	540.015	46.958	26.984	7.547	-0.016	-0.453	62.824	0	115.137	76.402	streak	0.486	free	108.469	108.469	135.291	146.922	yes	streak-free
19	131.185	277.595	24.139	71.984	73.000	-0.016	0.000	56.302	0	22.768	22.768	streak	0.432	free	100.776	100.776	135.178	146.805	yes	streak-free
21	120.112	447.435	38.907	72.562	81.250	-0.438	0.250	60.567	0	73.976	195.340	Undefined	0.512	bound	112.347	112.347	131.245	142.701	yes	Undefined-bound
22	128.631	179.330	15.594	16.578	67.047	-0.422	0.047	58.959	0	155.430	218.750	spot	0.461	free	109.102	109.102	131.228	142.684	yes	spot-free
24	140.898	279.307	24.288	20.000	58.750	0.000	-0.250	57.905	0	22.768	73.312	streak	0.445	free	122.286	122.286	131.724	143.202	yes	streak-free
25	134.261	338.992	29.478	65.703	82.812	-0.297	-0.188	51.774	0	146.503	76.402	streak	0.449	free	121.694	121.694	131.944	143.431	yes	streak-free
26	125.031	472.065	41.049	68.547	37.516	-0.453	-0.484	55.768	0	91.264	89.401	streak	0.416	free	110.571	110.571	131.744	143.222	yes	streak-free
29	123.016	84.443	7.343	79.031	28.156	-1.969	0.156	60.450	0	455.246	313.628	spot	0.478	free	127.163	127.163	131.622	143.095	no	spot-free
30	123.181	250.658	21.796	30.000	25.000	0.000	0.000	48.612	0	22.768	22.768	streak	0.403	free	102.061	102.061	131.386	142.848	yes	streak-free
31	133.054	164.617	14.315	36.719	16.609	-0.281	-0.391	57.888	0	79.422	402.119	Undefined	0.474	free	122.878	122.878	131.533	143.001	yes	Undefined-free
32	125.407	348.287	30.286	69.797	44.391	-0.203	0.391	49.943	0	87.036	96.672	streak	0.441	free	105.449	105.449	131.396	142.859	yes	streak-free
33	124.481	247.660	21.536	33.000	42.984	0.000	-0.016	63.520	0	28.196	23.485	streak	0.443	free	95.306	95.306	131.237	142.693	yes	streak-free
34	112.781	225.702	19.626	41.281	67.594	0.281	-0.406	48.097	0	299.187	104.083	streak	0.400	free	103.592	103.592	130.698	142.131	yes	streak-free
35	130.484	287.118	24.967	54.656	80.547	-0.344	-0.453	49.538	0	103.873	153.892	Undefined	0.418	free	118.367	118.367	130.766	142.201	yes	Undefined-free
36	127.586	392.860	34.162	29.000	13.578	0.000	-0.422	56.870	0	22.768	83.523	streak	0.391	free	106.694	106.694	130.738	142.172	yes	streak-free
38	132.921	148.541	12.917	75.484	89.016	0.484	0.016	59.122	0	247.986	156.853	spot	0.428	free	116.388	116.388	130.874	142.314	yes	spot-free
42	128.960	264.006	22.957	70.000	65.203	0.000	0.203	53.913	0	22.768	77.172	streak	0.380	free	101.878	101.878	130.638	142.068	yes	streak-free
44	113.535	339.391	29.512	59.344	16.000	0.344	0.000	42.730	0	80.790	22.768	streak	0.335	free	99.102	99.102	130.227	141.639	yes	streak-free
45	130.429	377.660	32.840	89.000	22.438	0.000	0.438	52.484	0	22.768	83.441	streak	0.331	free	98.122	98.122	130.295	141.709	yes	streak-free
46	140.140	289.953	25.213	45.000	17.312	0.000	0.312	56.051	0	22.768	76.390	streak	0.428	free	113.143	113.143	130.614	142.043	yes	streak-free
47	119.275	292.451	25.430	12.000	81.750	0.000	-0.250	43.059	0	22.768	72.965	streak	0.348	free	111.959	111.959	130.383	141.801	yes	streak-free
49	134.190	217.807	18.940	61.000	68.000	0.000	0.000	59.473	0	22.768	22.768	streak	0.425	free	118.857	118.857	130.535	141.960	yes	streak-free
50	123.063	265.040	23.047	67.000	52.469	0.000	-0.531	53.281	0	173.651	91.790	streak	0.480	free	102.510	102.510	130.409	141.829	yes	streak-free
57	127.986	233.770	20.328	75.203	14.922	0.203	-0.078	52.513	0	115.219	200.000	spot	0.456	free	117.061	117.061	130.406	141.826	yes	spot-free
58	124.173	152.804	13.287	41.000	81.453	0.000	-0.547	54.479	0	22.768	318.288	Undefined	0.405	free	139.061	139.061	130.315	141.730	yes	Undefined-free
59	135.150	208.685	18.147	36.000	62.000	0.000	0.000	43.700	0	28.651	22.768	streak	0.383	free	113.653	113.653	130.477	141.899	yes	streak-free
61	118.477	232.113	20.184	76.000	39.016	0.000	0.016	51.394	0	22.768	127.899	streak	0.343	free	83.531	83.531	130.261	141.674	yes	streak-free
62	132.917	359.485	31.260	24.562	49.562	-0.438	-0.438	62.771	0	97.019	92.231	streak	0.444	free	114.490	114.490	130.369	141.787	yes	streak-free
66	122.864	215.560	18.744	36.984	53.000	-0.016	0.000	44.924	0	27.905	22.768	streak	0.380	free	108.204	108.204	130.258	141.671	yes	streak-free
70	124.345	208.616	18.141	56.984	50.000	-0.016	0.000	54.638	0	22.768	22.768	streak	0.397	free	102.612	102.612	130.183	141.593	yes	streak-free
74	121.387	301.763	26.240	8.000	8.641	0.000	-0.359	50.550	0	22.768	78.949	streak	0.361	free	97.918	97.918	130.050	141.454	yes	streak-free
86	125.801	376.741	32.760	33.422	37.344	0.422	0.344	54.323	0	98.674	89.534	streak	0.403	free	112.204	112.204	130.011	141.414	yes	streak-free
87	115.501	323.728	28.150	76.000	62.484	0.000	0.484	36.581	0	22.768	93.247	streak	0.366	free	101.245	101.245	129.772	141.164	yes	streak-free
91	128.931	170.227	14.802	79.578	77.281	-0.422	0.281	48.244	0	482.025	92.332	streak	0.438	free	124.429	124.429	129.800	141.193	yes	streak-free
95	117.584	191.960	16.692	84.547	40.188	-0.453	0.188	53.365	0	123.229	185.897	spot	0.384	free	96.429	96.429	129.613	140.998	yes	spot-free
109	120.880	127.051	11.048	33.625	73.047	-0.375	0.047	43.463	0	169.490	204.296	spot	0.352	free	115.571	115.571	129.494	140.873	no	spot-free
