ROI	z	a	stoichiometry	xpos	ypos	x0	y0	Chi^2	Good?	wx	wy	streak or spot?	Correlation Coefficient	free or bound?	iFirst	iSecond	pthresh	realthreshold	Above threshold?	Shape-Binding
1	141.875	435.881	72.647	48.734	36.000	-0.266	0.000	55.203	0	80.209	22.768	streak	0.459	free	119.327	119.327	143.075	155.036	yes	streak-free
2	135.244	348.405	58.067	89.000	85.000	0.000	0.000	52.416	0	22.768	22.768	streak	0.404	free	101.143	101.143	139.759	151.581	yes	streak-free
3	142.643	415.436	69.239	61.297	27.000	0.297	0.000	55.157	0	78.565	22.768	streak	0.479	free	114.939	114.939	141.121	153.000	yes	streak-free
4	125.720	402.179	67.030	33.188	88.703	0.188	-0.297	53.747	0	108.777	123.145	streak	0.436	free	104.469	104.469	137.570	149.300	yes	streak-free
5	136.564	367.785	61.298	26.359	59.312	0.359	-0.688	51.672	0	75.305	226.242	Undefined	0.500	bound	129.347	129.347	137.609	149.340	yes	Undefined-bound
6	148.719	355.787	59.298	12.531	29.000	-0.469	0.000	67.245	0	81.331	215.015	Undefined	0.514	bound	143.816	143.816	139.661	151.479	yes	Undefined-bound
7	121.958	334.308	55.718	49.000	25.000	0.000	0.000	47.947	0	22.768	22.768	streak	0.384	free	95.408	95.408	137.303	149.021	yes	streak-free
8	134.554	315.112	52.519	49.984	52.000	-0.016	0.000	71.994	0	23.485	22.768	streak	0.465	free	89.959	89.959	137.110	148.819	yes	streak-free
9	122.302	224.220	37.370	83.344	15.000	0.344	0.000	47.118	0	360.345	22.768	streak	0.473	free	129.735	129.735	135.598	147.242	yes	streak-free
10	136.592	386.901	64.484	57.266	90.000	0.266	0.000	56.565	0	76.649	22.768	streak	0.456	free	110.000	110.000	135.817	147.471	yes	streak-free
11	128.870	297.372	49.562	16.297	15.328	0.297	0.328	55.399	0	78.790	234.718	Undefined	0.426	free	117.388	117.388	135.295	146.926	yes	Undefined-free
12	135.036	524.378	87.396	77.578	69.250	-0.422	0.250	53.827	0	84.588	85.917	streak	0.480	free	119.878	119.878	135.373	147.008	yes	streak-free
14	126.650	381.918	63.653	84.297	64.000	0.297	0.000	53.001	0	78.790	22.768	streak	0.434	free	104.796	104.796	134.794	146.405	yes	streak-free
17	126.117	514.364	85.727	85.344	57.422	0.344	0.422	50.228	0	80.040	88.788	streak	0.442	free	113.531	113.531	134.260	145.847	yes	streak-free
18	132.019	540.015	90.003	26.984	7.547	-0.016	-0.453	62.824	0	115.137	76.402	streak	0.486	free	108.469	108.469	134.191	145.775	yes	streak-free
19	131.185	277.595	46.266	71.984	73.000	-0.016	0.000	56.302	0	22.768	22.768	streak	0.432	free	100.776	100.776	134.078	145.657	yes	streak-free
21	120.112	447.435	74.572	72.562	81.250	-0.438	0.250	60.567	0	73.976	195.340	Undefined	0.512	bound	112.347	112.347	130.145	141.553	yes	Undefined-bound
22	128.631	179.330	29.888	16.578	67.047	-0.422	0.047	58.959	0	155.430	218.750	spot	0.461	free	109.102	109.102	130.128	141.536	yes	spot-free
24	140.898	279.307	46.551	20.000	58.750	0.000	-0.250	57.905	0	22.768	73.312	streak	0.445	free	122.286	122.286	130.624	142.054	yes	streak-free
25	134.261	338.992	56.499	65.703	82.812	-0.297	-0.188	51.774	0	146.503	76.402	streak	0.449	free	121.694	121.694	130.844	142.283	yes	streak-free
26	125.031	472.065	78.677	68.547	37.516	-0.453	-0.484	55.768	0	91.264	89.401	streak	0.416	free	110.571	110.571	130.644	142.074	yes	streak-free
29	123.016	84.443	14.074	79.031	28.156	-1.969	0.156	60.450	0	455.246	313.628	spot	0.478	free	127.163	127.163	130.522	141.947	no	spot-free
30	123.181	250.658	41.776	30.000	25.000	0.000	0.000	48.612	0	22.768	22.768	streak	0.403	free	102.061	102.061	130.286	141.700	yes	streak-free
31	133.054	164.617	27.436	36.719	16.609	-0.281	-0.391	57.888	0	79.422	402.119	Undefined	0.474	free	122.878	122.878	130.433	141.853	yes	Undefined-free
32	125.407	348.287	58.048	69.797	44.391	-0.203	0.391	49.943	0	87.036	96.672	streak	0.441	free	105.449	105.449	130.296	141.711	yes	streak-free
33	124.481	247.660	41.277	33.000	42.984	0.000	-0.016	63.520	0	28.196	23.485	streak	0.443	free	95.306	95.306	130.137	141.545	yes	streak-free
34	112.781	225.702	37.617	41.281	67.594	0.281	-0.406	48.097	0	299.187	104.083	streak	0.400	free	103.592	103.592	129.598	140.982	yes	streak-free
35	130.484	287.118	47.853	54.656	80.547	-0.344	-0.453	49.538	0	103.873	153.892	Undefined	0.418	free	118.367	118.367	129.666	141.053	yes	Undefined-free
36	127.586	392.860	65.477	29.000	13.578	0.000	-0.422	56.870	0	22.768	83.523	streak	0.391	free	106.694	106.694	129.638	141.024	yes	streak-free
38	132.921	148.541	24.757	75.484	89.016	0.484	0.016	59.122	0	247.986	156.853	spot	0.428	free	116.388	116.388	129.774	141.166	yes	spot-free
42	128.960	264.006	44.001	70.000	65.203	0.000	0.203	53.913	0	22.768	77.172	streak	0.380	free	101.878	101.878	129.538	140.920	yes	streak-free
44	113.535	339.391	56.565	59.344	16.000	0.344	0.000	42.730	0	80.790	22.768	streak	0.335	free	99.102	99.102	129.127	140.490	yes	streak-free
45	130.429	377.660	62.943	89.000	22.438	0.000	0.438	52.484	0	22.768	83.441	streak	0.331	free	98.122	98.122	129.195	140.561	yes	streak-free
46	140.140	289.953	48.326	45.000	17.312	0.000	0.312	56.051	0	22.768	76.390	streak	0.428	free	113.143	113.143	129.514	140.895	yes	streak-free
47	119.275	292.451	48.742	12.000	81.750	0.000	-0.250	43.059	0	22.768	72.965	streak	0.348	free	111.959	111.959	129.283	140.653	yes	streak-free
49	134.190	217.807	36.301	61.000	68.000	0.000	0.000	59.473	0	22.768	22.768	streak	0.425	free	118.857	118.857	129.435	140.812	yes	streak-free
50	123.063	265.040	44.173	67.000	52.469	0.000	-0.531	53.281	0	173.651	91.790	streak	0.480	free	102.510	102.510	129.309	140.680	yes	streak-free
57	127.986	233.770	38.962	75.203	14.922	0.203	-0.078	52.513	0	115.219	200.000	spot	0.456	free	117.061	117.061	129.306	140.677	yes	spot-free
58	124.173	152.804	25.467	41.000	81.453	0.000	-0.547	54.479	0	22.768	318.288	Undefined	0.405	free	139.061	139.061	129.215	140.582	yes	Undefined-free
59	135.150	208.685	34.781	36.000	62.000	0.000	0.000	43.700	0	28.651	22.768	streak	0.383	free	113.653	113.653	129.377	140.751	yes	streak-free
61	118.477	232.113	38.685	76.000	39.016	0.000	0.016	51.394	0	22.768	127.899	streak	0.343	free	83.531	83.531	129.161	140.526	yes	streak-free
62	132.917	359.485	59.914	24.562	49.562	-0.438	-0.438	62.771	0	97.019	92.231	streak	0.444	free	114.490	114.490	129.269	140.639	yes	streak-free
66	122.864	215.560	35.927	36.984	53.000	-0.016	0.000	44.924	0	27.905	22.768	streak	0.380	free	108.204	108.204	129.158	140.523	yes	streak-free
70	124.345	208.616	34.769	56.984	50.000	-0.016	0.000	54.638	0	22.768	22.768	streak	0.397	free	102.612	102.612	129.083	140.444	yes	streak-free
74	121.387	301.763	50.294	8.000	8.641	0.000	-0.359	50.550	0	22.768	78.949	streak	0.361	free	97.918	97.918	128.950	140.306	yes	streak-free
86	125.801	376.741	62.790	33.422	37.344	0.422	0.344	54.323	0	98.674	89.534	streak	0.403	free	112.204	112.204	128.911	140.265	yes	streak-free
87	115.501	323.728	53.955	76.000	62.484	0.000	0.484	36.581	0	22.768	93.247	streak	0.366	free	101.245	101.245	128.672	140.015	yes	streak-free
91	128.931	170.227	28.371	79.578	77.281	-0.422	0.281	48.244	0	482.025	92.332	streak	0.438	free	124.429	124.429	128.700	140.045	yes	streak-free
95	117.584	191.960	31.993	84.547	40.188	-0.453	0.188	53.365	0	123.229	185.897	spot	0.384	free	96.429	96.429	128.513	139.849	yes	spot-free
109	120.880	127.051	21.175	33.625	73.047	-0.375	0.047	43.463	0	169.490	204.296	spot	0.352	free	115.571	115.571	128.394	139.725	no	spot-free
