ROI	z	a	stoichiometry	xpos	ypos	x0	y0	Chi^2	Good?	wx	wy	streak or spot?	Correlation Coefficient	free or bound?	iFirst	iSecond	pthresh	realthreshold	Above threshold?	Shape-Binding
1	47.143	150.788	25.131	18.000	71.000	0.000	0.000	20.915	0	22.768	22.768	streak	0.435	free	38.694	38.694	48.343	55.296	yes	streak-free
2	53.399	172.657	28.776	42.969	54.641	-0.031	-0.359	21.589	0	92.901	93.964	streak	0.476	free	50.755	50.755	51.471	58.645	yes	streak-free
3	51.554	160.230	26.705	74.750	37.375	-0.250	0.375	21.762	0	73.468	145.822	streak	0.454	free	47.000	47.000	51.899	59.103	yes	streak-free
4	53.549	146.619	24.437	49.750	61.984	-0.250	-0.016	19.946	0	96.106	22.768	streak	0.410	free	44.143	44.143	52.611	59.865	yes	streak-free
5	47.156	139.172	23.195	90.469	52.625	-0.531	-0.375	20.497	0	81.311	307.958	Undefined	0.438	free	49.041	49.041	51.760	58.955	yes	Undefined-free
6	49.206	176.081	29.347	35.844	23.625	-0.156	-0.375	18.524	0	79.606	100.366	streak	0.454	free	44.510	44.510	51.535	58.713	yes	streak-free
7	56.856	130.460	21.743	12.984	51.250	-0.016	0.250	22.979	0	152.496	72.701	streak	0.455	free	43.388	43.388	52.466	59.710	yes	streak-free
8	58.004	146.538	24.423	70.766	10.438	-0.234	0.438	22.253	0	89.873	103.216	streak	0.472	free	53.776	53.776	53.308	60.610	yes	streak-free
9	56.095	161.753	26.959	19.266	83.688	0.266	-0.312	20.196	0	84.891	103.216	streak	0.421	free	52.449	52.449	53.751	61.083	yes	streak-free
10	51.901	116.902	19.484	66.000	30.000	0.000	0.000	18.665	0	22.768	22.768	streak	0.383	free	47.714	47.714	53.686	61.013	yes	streak-free
11	41.331	88.362	14.727	26.984	32.453	-0.016	0.453	17.765	0	276.855	150.865	spot	0.407	free	42.878	42.878	52.672	59.930	yes	spot-free
12	53.555	88.814	14.802	66.266	88.000	-0.734	0.000	23.846	0	209.805	33.575	streak	0.459	free	43.673	43.673	52.846	60.115	yes	streak-free
13	51.018	135.775	22.629	69.266	57.406	0.266	0.406	18.922	0	150.717	101.870	streak	0.446	free	50.408	50.408	52.797	60.064	yes	streak-free
14	57.391	151.529	25.255	12.000	68.359	0.000	0.359	20.348	0	22.768	83.159	streak	0.430	free	48.898	48.898	53.211	60.506	yes	streak-free
15	56.049	134.386	22.398	45.000	30.281	0.000	0.281	23.657	0	28.651	77.790	streak	0.415	free	46.020	46.020	53.480	60.793	yes	streak-free
16	41.772	68.090	11.348	54.562	87.438	0.562	0.438	18.274	0	338.980	180.179	Undefined	0.415	free	42.796	42.796	52.824	60.092	yes	Undefined-free
17	51.297	132.080	22.013	69.172	70.062	0.172	0.062	22.498	0	88.908	26.114	streak	0.436	free	44.612	44.612	52.804	60.071	yes	streak-free
18	51.853	121.022	20.170	90.781	27.000	-0.219	0.000	21.558	0	72.839	22.768	streak	0.386	free	43.653	43.653	52.818	60.086	yes	streak-free
19	58.434	115.342	19.224	17.000	19.750	0.000	-0.250	22.171	0	22.768	133.301	streak	0.450	free	51.388	51.388	53.177	60.469	yes	streak-free
20	50.800	133.368	22.228	27.656	73.000	-0.344	0.000	18.971	0	96.948	22.768	streak	0.395	free	45.082	45.082	53.118	60.406	yes	streak-free
21	56.869	100.219	16.703	44.000	76.000	0.000	0.000	22.691	0	22.768	24.286	streak	0.406	free	51.694	51.694	53.354	60.658	yes	streak-free
22	51.734	105.208	17.535	83.000	37.000	0.000	0.000	19.960	0	22.768	22.768	streak	0.414	free	46.469	46.469	53.335	60.638	yes	streak-free
23	51.863	131.679	21.947	24.000	89.688	0.000	-0.312	16.585	0	22.768	81.829	streak	0.418	free	46.592	46.592	53.323	60.625	yes	streak-free
24	50.482	105.457	17.576	31.000	88.000	0.000	0.000	17.448	0	22.768	22.768	streak	0.344	free	43.367	43.367	53.255	60.552	yes	streak-free
26	59.705	151.920	25.320	81.688	30.281	-0.312	0.281	21.549	0	85.886	90.843	streak	0.449	free	49.469	49.469	53.339	60.642	yes	streak-free
27	47.167	98.160	16.360	16.391	31.969	0.391	-0.031	18.959	0	247.275	29.704	streak	0.385	free	42.102	42.102	53.154	60.445	yes	streak-free
29	48.775	101.422	16.904	51.984	71.000	-0.016	0.000	15.665	0	106.280	22.768	streak	0.341	free	43.327	43.327	53.041	60.324	yes	streak-free
31	52.682	81.036	13.506	50.000	53.500	0.000	-0.500	23.200	0	22.768	179.015	Undefined	0.386	free	42.898	42.898	53.070	60.355	yes	Undefined-free
32	46.420	107.676	17.946	72.500	22.531	0.500	-0.469	24.148	0	395.591	79.879	streak	0.488	free	42.347	42.347	52.888	60.161	yes	streak-free
33	52.101	121.408	20.235	32.375	53.938	0.375	-0.062	17.100	0	104.083	96.524	streak	0.407	free	50.102	50.102	52.902	60.175	yes	streak-free
34	56.645	118.311	19.719	51.297	22.000	0.297	0.000	23.407	0	78.565	22.768	streak	0.448	free	51.714	51.714	53.056	60.340	yes	streak-free
35	48.162	97.956	16.326	45.000	47.000	0.000	0.000	20.148	0	22.768	22.768	streak	0.376	free	43.122	43.122	52.944	60.220	yes	streak-free
36	48.194	149.008	24.835	68.406	81.891	0.406	-0.109	18.687	0	81.331	129.571	streak	0.375	free	42.673	42.673	52.840	60.109	yes	streak-free
37	53.988	116.362	19.394	89.359	13.000	0.359	0.000	20.463	0	93.554	22.768	streak	0.382	free	50.449	50.449	52.907	60.180	yes	streak-free
38	46.125	116.055	19.342	60.000	43.734	0.000	-0.266	17.860	0	22.768	84.787	streak	0.320	free	38.755	38.755	52.752	60.015	yes	streak-free
39	53.111	153.277	25.546	41.594	36.688	-0.406	-0.312	22.475	0	78.790	134.094	streak	0.371	free	43.061	43.061	52.794	60.060	yes	streak-free
40	49.964	114.673	19.112	48.531	38.266	-0.469	0.266	21.109	0	138.881	81.738	streak	0.407	free	39.939	39.939	52.751	60.014	yes	streak-free
43	50.918	103.912	17.319	85.438	42.953	0.438	-0.047	18.329	0	137.367	106.146	streak	0.397	free	46.959	46.959	52.735	59.997	yes	streak-free
44	54.167	84.804	14.134	33.000	63.000	0.000	0.000	24.821	0	22.768	22.768	streak	0.378	free	40.980	40.980	52.801	60.067	yes	streak-free
45	49.469	117.854	19.642	54.000	11.641	0.000	-0.359	19.833	0	22.768	85.799	streak	0.348	free	43.878	43.878	52.749	60.011	yes	streak-free
46	48.846	87.714	14.619	27.000	12.016	0.000	0.016	20.494	0	22.768	28.637	streak	0.412	free	43.306	43.306	52.684	59.943	yes	streak-free
47	59.435	123.802	20.634	59.375	52.781	0.375	-0.219	20.884	0	89.214	74.173	streak	0.407	free	52.469	52.469	52.869	60.140	yes	streak-free
50	46.902	77.759	12.960	40.453	15.688	0.453	-0.312	19.046	0	305.377	87.419	streak	0.404	free	42.612	42.612	52.761	60.024	yes	streak-free
53	52.321	115.554	19.259	37.688	39.547	-0.312	-0.453	23.378	0	91.073	97.712	streak	0.403	free	45.551	45.551	52.778	60.042	yes	streak-free
59	45.965	105.920	17.653	58.000	74.703	0.000	-0.297	16.871	0	22.768	80.834	streak	0.261	free	35.776	35.776	52.656	59.912	yes	streak-free
69	52.232	71.222	11.870	79.984	70.000	-0.016	0.000	20.002	0	28.139	22.768	streak	0.357	free	40.449	40.449	52.672	59.930	yes	streak-free
75	49.529	71.456	11.909	76.000	52.000	0.000	0.000	16.958	0	22.768	26.522	streak	0.310	free	45.265	45.265	52.632	59.886	yes	streak-free
80	52.342	109.103	18.184	80.000	58.438	0.000	0.438	18.849	0	22.768	88.744	streak	0.372	free	44.367	44.367	52.650	59.906	yes	streak-free
87	50.741	73.339	12.223	37.391	4.250	0.391	-0.750	20.711	0	76.966	281.392	Undefined	0.419	free	43.837	43.837	52.636	59.891	yes	Undefined-free
96	54.492	36.592	6.099	80.000	17.172	0.000	1.172	21.081	0	45.536	250.126	Undefined	0.403	free	44.347	44.347	52.696	59.955	no	Undefined-free
