 	ROI	z	a	stoichiometry	xpos	ypos	x0	y0	Chi^2	Good?	wx	wy	streak or spot?	Correlation Coefficient	free or bound?	iFirst	iSecond	pthresh	realthreshold	Above threshold?	Shape-Binding
1	1	103.438	381.916	63.653	12.828	38.250	-0.172	0.250	44.605	0	72.071	96.106	streak	0.502	bound	101.408	101.408	104.638	114.867	yes	streak-bound
2	2	105.287	332.227	55.371	14.000	65.734	0.000	-0.266	47.393	0	22.768	124.023	streak	0.521	bound	89.980	89.980	105.562	115.836	yes	streak-bound
3	3	102.410	297.499	49.583	35.000	87.000	0.000	0.000	40.718	0	23.503	22.768	streak	0.487	free	92.551	92.551	104.911	115.154	yes	streak-free
4	5	89.541	127.283	21.214	66.938	90.922	-0.062	-0.078	48.514	0	188.825	418.980	Undefined	0.514	bound	93.633	93.633	99.338	109.305	yes	Undefined-bound
5	6	103.351	162.783	27.130	74.109	25.000	0.109	0.000	39.110	0	444.122	23.127	streak	0.497	free	96.796	96.796	100.207	110.217	yes	streak-free
6	7	99.167	339.081	56.514	90.000	24.719	0.000	-0.281	44.941	0	22.768	81.331	streak	0.496	free	83.592	83.592	100.230	110.241	yes	streak-free
7	8	106.452	280.305	46.717	80.000	49.859	0.000	-0.141	43.679	0	22.768	71.926	streak	0.450	free	84.265	84.265	101.157	111.215	yes	streak-free
8	9	103.004	340.435	56.739	71.281	66.000	0.281	0.000	51.997	0	73.616	22.768	streak	0.437	free	72.633	72.633	101.496	111.571	yes	streak-free
9	10	105.346	289.922	48.320	67.031	20.219	0.031	0.219	43.556	0	29.738	86.960	streak	0.452	free	91.592	91.592	102.001	112.101	yes	streak-free
10	11	101.275	251.492	41.915	48.000	54.000	0.000	0.000	40.147	0	22.768	22.768	streak	0.427	free	89.857	89.857	102.044	112.146	yes	streak-free
11	12	117.052	449.343	74.890	18.594	74.641	-0.406	-0.359	49.445	0	86.816	86.736	streak	0.542	bound	110.551	110.551	103.395	113.563	yes	streak-bound
12	13	104.145	239.841	39.974	13.000	26.000	0.000	0.000	48.206	0	27.700	22.768	streak	0.494	free	92.429	92.429	103.545	113.720	yes	streak-free
13	14	109.206	229.766	38.294	80.000	72.000	0.000	0.000	39.646	0	22.768	23.503	streak	0.421	free	81.633	81.633	104.035	114.235	yes	streak-free
14	15	98.026	280.990	46.832	60.000	11.750	0.000	-0.250	48.793	0	22.768	78.295	streak	0.446	free	70.000	70.000	103.714	113.898	yes	streak-free
15	16	116.284	216.511	36.085	22.000	86.000	0.000	0.000	50.480	0	22.768	22.768	streak	0.495	free	97.714	97.714	104.575	114.801	yes	streak-free
16	17	97.297	301.153	50.192	49.297	44.000	0.297	0.000	34.701	0	79.468	22.768	streak	0.375	free	84.490	84.490	104.217	114.426	yes	streak-free
17	18	103.040	324.750	54.125	25.484	21.781	0.484	-0.219	39.005	0	138.031	79.449	streak	0.459	free	101.694	101.694	104.219	114.427	yes	streak-free
18	19	107.473	220.432	36.739	34.000	56.000	0.000	0.000	49.884	0	22.768	22.768	streak	0.507	bound	101.347	101.347	104.453	114.673	yes	streak-bound
19	20	112.412	272.753	45.459	30.703	72.000	-0.297	0.000	46.967	0	78.585	22.768	streak	0.419	free	88.959	88.959	104.911	115.154	yes	streak-free
20	21	99.875	226.245	37.707	67.000	37.000	0.000	0.000	49.435	0	22.768	22.768	streak	0.437	free	76.878	76.878	104.728	114.962	yes	streak-free
21	22	106.026	232.805	38.801	90.172	88.000	0.172	0.000	46.812	0	80.887	22.768	streak	0.419	free	91.163	91.163	104.842	115.081	yes	streak-free
22	23	113.097	205.920	34.320	71.000	74.000	0.000	0.000	43.606	0	22.768	23.503	streak	0.393	free	90.592	90.592	105.253	115.512	yes	streak-free
23	24	103.330	245.912	40.985	86.250	67.000	0.250	0.000	44.260	0	78.936	22.768	streak	0.399	free	83.367	83.367	105.223	115.481	yes	streak-free
24	25	115.176	249.203	41.534	40.000	8.688	0.000	-0.312	42.492	0	28.203	80.560	streak	0.482	free	99.041	99.041	105.669	115.948	yes	streak-free
25	26	99.744	207.910	34.652	15.000	59.000	0.000	0.000	48.147	0	22.768	22.768	streak	0.382	free	73.184	73.184	105.487	115.758	yes	streak-free
26	28	99.509	261.220	43.537	44.000	89.703	0.000	-0.297	38.653	0	22.768	77.338	streak	0.402	free	86.122	86.122	105.151	115.405	yes	streak-free
27	30	100.372	296.031	49.339	30.453	15.438	0.453	0.438	38.207	0	90.630	105.735	streak	0.389	free	89.245	89.245	104.858	115.098	yes	streak-free
28	31	101.856	198.920	33.153	9.000	15.047	0.000	0.047	43.750	0	22.768	125.000	streak	0.439	free	86.571	86.571	104.800	115.037	yes	streak-free
29	32	107.994	185.755	30.959	49.000	82.984	0.000	-0.016	47.351	0	31.177	22.768	streak	0.445	free	87.408	87.408	104.937	115.181	yes	streak-free
30	35	97.240	191.797	31.966	13.000	85.000	0.000	0.000	44.786	0	25.069	22.768	streak	0.368	free	80.776	80.776	104.740	114.974	yes	streak-free
31	36	92.443	197.249	32.875	42.984	45.000	-0.016	0.000	38.117	0	23.485	22.768	streak	0.344	free	75.224	75.224	104.414	114.632	yes	streak-free
32	37	90.669	102.032	17.005	22.500	47.875	0.500	-0.125	32.220	0	315.349	325.521	spot	0.408	free	103.735	103.735	104.055	114.256	no	spot-free
33	40	97.193	283.642	47.274	20.219	57.359	0.219	0.359	39.245	0	170.814	85.931	streak	0.397	free	101.102	101.102	103.452	113.623	yes	streak-free
34	41	96.005	158.256	26.376	57.531	86.344	0.531	0.344	44.671	0	165.420	147.656	spot	0.443	free	85.204	85.204	103.288	113.451	yes	spot-free
35	42	98.723	219.391	36.565	73.422	87.250	0.422	0.250	40.642	0	151.952	130.144	streak	0.414	free	96.755	96.755	103.201	113.360	yes	streak-free
36	43	104.642	82.795	13.799	21.172	38.078	0.172	-1.922	43.017	0	116.752	437.721	Undefined	0.443	free	95.122	95.122	103.267	113.429	no	Undefined-free
37	46	97.983	270.130	45.022	88.000	31.547	0.000	-0.453	42.843	0	24.252	91.790	streak	0.374	free	73.531	73.531	103.168	113.325	yes	streak-free
38	49	92.594	179.952	29.992	63.984	64.000	-0.016	0.000	41.836	0	23.485	22.768	streak	0.402	free	76.490	76.490	101.665	111.748	yes	streak-free
39	51	97.606	237.620	39.603	15.438	50.203	0.438	0.203	42.759	0	87.295	174.674	Undefined	0.395	free	87.510	87.510	101.600	111.680	yes	Undefined-free
40	52	110.054	155.055	25.843	58.000	49.000	0.000	0.000	45.685	0	22.768	22.768	streak	0.390	free	75.163	75.163	101.815	111.905	yes	streak-free
41	58	93.770	254.691	42.449	46.609	65.359	-0.391	0.359	35.264	0	90.630	240.897	Undefined	0.412	free	94.959	94.959	101.666	111.749	yes	Undefined-free
42	66	78.191	179.234	29.872	35.984	43.062	-0.016	0.062	36.547	0	22.768	90.977	streak	0.264	free	59.245	59.245	101.192	111.251	yes	streak-free
43	72	105.849	207.210	34.535	38.000	20.375	0.000	0.375	38.559	0	22.768	82.789	streak	0.373	free	89.816	89.816	101.314	111.379	yes	streak-free
44	77	95.630	253.404	42.234	57.359	79.531	0.359	-0.469	33.445	0	81.194	100.626	streak	0.355	free	82.163	82.163	101.222	111.283	yes	streak-free
45	78	98.165	147.104	24.517	28.047	86.000	0.047	0.000	42.935	0	129.652	22.768	streak	0.400	free	90.082	90.082	101.185	111.244	yes	streak-free
46	81	102.961	82.818	13.803	42.391	70.984	0.391	-0.016	43.774	0	116.309	138.777	streak	0.431	free	87.816	87.816	101.244	111.306	no	streak-free
47	83	91.688	147.078	24.513	53.000	28.000	0.000	0.000	35.483	0	22.768	22.768	streak	0.351	free	83.082	83.082	101.083	111.137	yes	streak-free
48	87	90.537	185.626	30.938	21.703	63.000	-0.297	0.000	41.255	0	81.090	28.189	streak	0.360	free	72.939	72.939	100.907	110.952	yes	streak-free
49	89	85.189	163.077	27.180	52.969	71.844	-0.031	-0.156	27.968	0	25.392	116.183	streak	0.304	free	77.449	77.449	100.638	110.670	yes	streak-free
50	103	90.456	160.239	26.707	88.281	11.000	0.281	0.000	35.882	0	84.198	22.768	streak	0.318	free	74.061	74.061	100.474	110.498	yes	streak-free
