 	ROI	z	a	stoichiometry	xpos	ypos	x0	y0	Chi^2	Good?	wx	wy	streak or spot?	Correlation Coefficient	free or bound?	iFirst	iSecond	pthresh	realthreshold	Above threshold?	Shape-Binding
1	1	156.381	584.918	50.862	89.734	73.000	-0.266	0.000	63.555	0	78.936	22.768	streak	0.517	bound	134.327	134.327	158.681	171.278	yes	streak-bound
2	2	154.873	457.555	39.787	66.000	51.000	0.000	0.000	60.848	0	22.768	22.768	streak	0.495	free	122.898	122.898	157.927	170.494	yes	streak-free
3	3	144.578	444.539	38.656	31.000	34.000	0.000	0.000	57.815	0	22.768	22.768	streak	0.444	free	119.041	119.041	154.244	166.664	yes	streak-free
4	4	160.645	391.989	34.086	75.000	57.000	0.000	0.000	79.068	0	22.768	22.768	streak	0.472	free	129.918	129.918	156.419	168.926	yes	streak-free
5	5	148.529	387.969	33.736	31.000	79.984	0.000	-0.016	55.648	0	26.263	23.306	streak	0.405	free	123.735	123.735	155.301	167.763	yes	streak-free
6	6	168.810	357.435	31.081	65.984	73.000	-0.016	0.000	70.227	0	23.127	22.768	streak	0.435	free	132.551	132.551	157.936	170.503	yes	streak-free
7	7	147.281	443.111	38.531	63.766	37.938	-0.234	-0.062	61.677	0	73.646	83.964	streak	0.419	free	132.000	132.000	156.743	169.262	yes	streak-free
8	9	156.556	422.842	36.769	49.734	46.000	-0.266	0.000	79.371	0	78.278	22.768	streak	0.492	free	127.796	127.796	156.753	169.273	yes	streak-free
9	10	130.997	376.343	32.725	12.000	77.750	0.000	-0.250	56.569	0	22.768	113.841	streak	0.376	free	109.612	109.612	154.408	166.834	yes	streak-free
10	11	144.444	431.734	37.542	90.719	62.922	-0.281	-0.078	59.773	0	79.571	85.995	streak	0.434	free	129.510	129.510	153.711	166.109	yes	streak-free
11	12	138.843	272.525	23.698	7.984	12.203	-0.016	0.203	59.513	0	374.908	72.701	streak	0.470	free	130.510	130.510	152.664	165.019	yes	streak-free
12	13	150.595	269.695	23.452	59.391	34.734	0.391	-0.266	51.943	0	347.475	81.053	streak	0.393	free	139.184	139.184	152.681	165.038	yes	streak-free
13	14	136.983	391.478	34.042	60.750	44.000	-0.250	0.000	59.549	0	148.828	22.768	streak	0.409	free	115.490	115.490	151.724	164.042	yes	streak-free
14	15	151.990	305.163	26.536	67.000	82.000	0.000	0.000	63.537	0	22.768	22.768	streak	0.449	free	133.878	133.878	151.895	164.220	yes	streak-free
15	16	140.809	448.397	38.991	15.000	44.422	0.000	0.422	62.951	0	22.768	103.216	streak	0.411	free	122.224	122.224	151.346	163.648	yes	streak-free
16	17	132.397	376.672	32.754	46.781	71.000	-0.219	0.000	46.493	0	74.070	25.007	streak	0.331	free	117.837	117.837	150.367	162.629	yes	streak-free
17	18	128.607	447.461	38.910	82.250	67.188	0.250	0.188	50.679	0	71.377	99.861	streak	0.331	free	106.735	106.735	149.286	161.504	yes	streak-free
18	19	139.240	457.381	39.772	42.422	80.000	0.422	0.000	68.962	0	91.073	22.768	streak	0.410	free	119.959	119.959	148.878	161.080	yes	streak-free
19	20	152.593	265.218	23.062	15.828	27.984	-0.172	-0.016	61.194	0	232.515	23.503	streak	0.457	free	143.939	143.939	149.179	161.393	yes	streak-free
20	21	151.979	294.767	25.632	76.000	71.000	0.000	0.000	63.668	0	22.768	22.768	streak	0.398	free	109.265	109.265	149.422	161.645	yes	streak-free
21	22	135.117	354.089	30.790	53.266	67.938	0.266	-0.062	57.446	0	113.841	135.095	streak	0.422	free	133.265	133.265	148.876	161.077	yes	streak-free
22	24	162.569	345.156	30.014	53.000	16.297	0.000	0.297	57.874	0	22.768	82.779	streak	0.407	free	146.939	146.939	149.571	161.801	yes	streak-free
23	25	137.369	314.394	27.339	68.125	11.969	0.125	-0.031	56.202	0	104.564	23.485	streak	0.419	free	124.653	124.653	149.159	161.372	yes	streak-free
24	26	143.949	501.357	43.596	77.391	24.531	0.391	-0.469	55.307	0	97.019	94.414	streak	0.400	free	125.673	125.673	149.042	161.251	yes	streak-free
25	27	144.417	285.081	24.790	22.984	62.000	-0.016	0.000	59.443	0	23.485	22.768	streak	0.371	free	120.041	120.041	148.953	161.158	yes	streak-free
26	28	129.967	292.470	25.432	18.000	17.000	0.000	0.000	63.333	0	22.768	22.768	streak	0.396	free	103.388	103.388	148.335	160.514	yes	streak-free
27	30	146.722	273.248	23.761	66.000	18.000	0.000	0.000	58.281	0	22.768	22.768	streak	0.376	free	120.490	120.490	148.360	160.540	yes	streak-free
28	31	149.974	513.389	44.643	65.531	24.000	-0.469	0.000	69.133	0	82.031	22.768	streak	0.459	free	130.327	130.327	148.495	160.680	yes	streak-free
29	32	132.547	284.318	24.723	87.000	41.000	0.000	0.000	60.740	0	22.768	22.768	streak	0.374	free	113.531	113.531	148.040	160.207	yes	streak-free
30	34	139.037	374.074	32.528	19.000	70.328	0.000	0.328	52.877	0	22.768	80.040	streak	0.348	free	121.429	121.429	148.132	160.303	yes	streak-free
31	35	147.096	341.540	29.699	50.984	58.750	-0.016	-0.250	61.403	0	22.768	70.403	streak	0.360	free	114.837	114.837	148.171	160.343	yes	streak-free
32	36	145.596	302.659	26.318	51.250	30.000	1.250	0.000	55.142	0	78.790	45.536	streak	0.410	free	128.429	128.429	148.163	160.335	yes	streak-free
33	37	150.902	413.821	35.984	74.250	33.500	0.250	-0.500	57.200	0	82.031	97.909	streak	0.418	free	134.469	134.469	148.307	160.485	yes	streak-free
34	38	144.277	229.426	19.950	88.000	13.281	0.000	0.281	61.067	0	22.768	167.616	Undefined	0.368	free	116.776	116.776	148.259	160.435	yes	Undefined-free
35	39	149.030	175.601	15.270	28.359	52.031	0.359	-1.969	80.691	0	76.282	390.107	Undefined	0.452	free	119.531	119.531	148.342	160.521	yes	Undefined-free
36	40	169.816	127.615	11.097	72.391	63.500	0.391	-0.500	64.008	0	136.609	230.268	spot	0.430	free	150.796	150.796	148.967	161.172	no	spot-free
37	43	148.524	309.191	26.886	37.297	20.000	0.297	0.000	65.553	0	79.926	22.768	streak	0.353	free	108.796	108.796	148.627	160.818	yes	streak-free
38	44	147.221	270.380	23.511	23.938	84.156	-0.062	0.156	54.922	0	116.272	73.075	streak	0.376	free	147.449	147.449	148.648	160.840	yes	streak-free
39	46	131.788	338.882	29.468	50.000	8.344	0.000	-0.656	56.037	0	34.694	87.095	streak	0.343	free	105.633	105.633	148.302	160.480	yes	streak-free
40	48	133.333	288.709	25.105	36.250	66.000	0.250	0.000	48.440	0	75.677	22.768	streak	0.340	free	111.224	111.224	148.007	160.173	yes	streak-free
41	49	144.085	136.086	11.834	70.016	42.797	0.016	-1.203	57.836	0	68.305	411.142	Undefined	0.395	free	126.429	126.429	147.970	160.134	no	Undefined-free
42	52	140.296	240.327	20.898	9.984	66.000	-0.016	0.000	53.852	0	26.642	22.768	streak	0.290	free	106.020	106.020	147.428	159.570	yes	streak-free
43	53	144.426	235.588	20.486	29.984	10.000	-0.016	0.000	65.224	0	23.485	22.768	streak	0.385	free	121.857	121.857	147.413	159.554	yes	streak-free
44	55	140.704	325.132	28.272	17.016	62.703	0.016	-0.297	56.908	0	137.400	79.833	streak	0.336	free	114.857	114.857	147.321	159.458	yes	streak-free
45	56	113.014	123.027	10.698	10.625	83.750	-1.375	-0.250	56.367	0	400.301	414.041	spot	0.395	free	143.837	143.837	146.668	158.778	no	spot-free
46	59	154.205	272.936	23.734	28.719	22.266	-0.281	-0.734	57.619	0	91.648	90.133	streak	0.383	free	137.102	137.102	146.864	158.983	yes	streak-free
47	60	141.310	316.736	27.542	80.000	78.625	0.000	-0.375	63.344	0	22.768	85.254	streak	0.364	free	114.816	114.816	146.801	158.917	yes	streak-free
48	62	130.936	273.837	23.812	35.219	55.000	0.219	0.000	56.568	0	108.129	168.750	Undefined	0.315	free	113.082	113.082	146.540	158.645	yes	Undefined-free
49	73	147.100	215.128	18.707	85.969	24.984	-0.031	-0.016	67.467	0	31.161	22.947	streak	0.375	free	114.224	114.224	146.054	158.139	yes	streak-free
50	85	143.807	319.533	27.785	63.297	59.344	0.297	0.344	56.158	0	77.715	95.162	streak	0.405	free	128.061	128.061	146.046	158.131	yes	streak-free
51	89	137.609	217.645	18.926	16.000	9.375	0.000	0.375	58.541	0	22.768	147.656	streak	0.370	free	99.286	99.286	145.938	158.019	yes	streak-free
