 	ROI	z	a	stoichiometry	xpos	ypos	x0	y0	Chi^2	Good?	wx	wy	streak or spot?	Correlation Coefficient	free or bound?	iFirst	iSecond	pthresh	realthreshold	Above threshold?	Shape-Binding
1	1	156.381	584.918	97.486	89.734	73.000	-0.266	0.000	63.555	0	78.936	22.768	streak	0.517	bound	134.327	134.327	157.581	170.134	yes	streak-bound
2	2	154.873	457.555	76.259	66.000	51.000	0.000	0.000	60.848	0	22.768	22.768	streak	0.495	free	122.898	122.898	156.827	169.350	yes	streak-free
3	3	144.578	444.539	74.090	31.000	34.000	0.000	0.000	57.815	0	22.768	22.768	streak	0.444	free	119.041	119.041	153.144	165.519	yes	streak-free
4	4	160.645	391.989	65.331	75.000	57.000	0.000	0.000	79.068	0	22.768	22.768	streak	0.472	free	129.918	129.918	155.319	167.782	yes	streak-free
5	5	148.529	387.969	64.661	31.000	79.984	0.000	-0.016	55.648	0	26.263	23.306	streak	0.405	free	123.735	123.735	154.201	166.619	yes	streak-free
6	6	168.810	357.435	59.573	65.984	73.000	-0.016	0.000	70.227	0	23.127	22.768	streak	0.435	free	132.551	132.551	156.836	169.359	yes	streak-free
7	7	147.281	443.111	73.852	63.766	37.938	-0.234	-0.062	61.677	0	73.646	83.964	streak	0.419	free	132.000	132.000	155.643	168.118	yes	streak-free
8	9	156.556	422.842	70.474	49.734	46.000	-0.266	0.000	79.371	0	78.278	22.768	streak	0.492	free	127.796	127.796	155.653	168.129	yes	streak-free
9	10	130.997	376.343	62.724	12.000	77.750	0.000	-0.250	56.569	0	22.768	113.841	streak	0.376	free	109.612	109.612	153.308	165.689	yes	streak-free
10	11	144.444	431.734	71.956	90.719	62.922	-0.281	-0.078	59.773	0	79.571	85.995	streak	0.434	free	129.510	129.510	152.611	164.964	yes	streak-free
11	12	138.843	272.525	45.421	7.984	12.203	-0.016	0.203	59.513	0	374.908	72.701	streak	0.470	free	130.510	130.510	151.564	163.875	yes	streak-free
12	13	150.595	269.695	44.949	59.391	34.734	0.391	-0.266	51.943	0	347.475	81.053	streak	0.393	free	139.184	139.184	151.581	163.893	yes	streak-free
13	14	136.983	391.478	65.246	60.750	44.000	-0.250	0.000	59.549	0	148.828	22.768	streak	0.409	free	115.490	115.490	150.624	162.897	yes	streak-free
14	15	151.990	305.163	50.860	67.000	82.000	0.000	0.000	63.537	0	22.768	22.768	streak	0.449	free	133.878	133.878	150.795	163.075	yes	streak-free
15	16	140.809	448.397	74.733	15.000	44.422	0.000	0.422	62.951	0	22.768	103.216	streak	0.411	free	122.224	122.224	150.246	162.504	yes	streak-free
16	17	132.397	376.672	62.779	46.781	71.000	-0.219	0.000	46.493	0	74.070	25.007	streak	0.331	free	117.837	117.837	149.267	161.484	yes	streak-free
17	18	128.607	447.461	74.577	82.250	67.188	0.250	0.188	50.679	0	71.377	99.861	streak	0.331	free	106.735	106.735	148.186	160.359	yes	streak-free
18	19	139.240	457.381	76.230	42.422	80.000	0.422	0.000	68.962	0	91.073	22.768	streak	0.410	free	119.959	119.959	147.778	159.934	yes	streak-free
19	20	152.593	265.218	44.203	15.828	27.984	-0.172	-0.016	61.194	0	232.515	23.503	streak	0.457	free	143.939	143.939	148.079	160.248	yes	streak-free
20	21	151.979	294.767	49.128	76.000	71.000	0.000	0.000	63.668	0	22.768	22.768	streak	0.398	free	109.265	109.265	148.322	160.500	yes	streak-free
21	22	135.117	354.089	59.015	53.266	67.938	0.266	-0.062	57.446	0	113.841	135.095	streak	0.422	free	133.265	133.265	147.776	159.932	yes	streak-free
22	24	162.569	345.156	57.526	53.000	16.297	0.000	0.297	57.874	0	22.768	82.779	streak	0.407	free	146.939	146.939	148.471	160.656	yes	streak-free
23	25	137.369	314.394	52.399	68.125	11.969	0.125	-0.031	56.202	0	104.564	23.485	streak	0.419	free	124.653	124.653	148.059	160.227	yes	streak-free
24	26	143.949	501.357	83.560	77.391	24.531	0.391	-0.469	55.307	0	97.019	94.414	streak	0.400	free	125.673	125.673	147.942	160.106	yes	streak-free
25	27	144.417	285.081	47.514	22.984	62.000	-0.016	0.000	59.443	0	23.485	22.768	streak	0.371	free	120.041	120.041	147.853	160.012	yes	streak-free
26	28	129.967	292.470	48.745	18.000	17.000	0.000	0.000	63.333	0	22.768	22.768	streak	0.396	free	103.388	103.388	147.235	159.369	yes	streak-free
27	30	146.722	273.248	45.541	66.000	18.000	0.000	0.000	58.281	0	22.768	22.768	streak	0.376	free	120.490	120.490	147.260	159.395	yes	streak-free
28	31	149.974	513.389	85.565	65.531	24.000	-0.469	0.000	69.133	0	82.031	22.768	streak	0.459	free	130.327	130.327	147.395	159.535	yes	streak-free
29	32	132.547	284.318	47.386	87.000	41.000	0.000	0.000	60.740	0	22.768	22.768	streak	0.374	free	113.531	113.531	146.940	159.061	yes	streak-free
30	34	139.037	374.074	62.346	19.000	70.328	0.000	0.328	52.877	0	22.768	80.040	streak	0.348	free	121.429	121.429	147.032	159.158	yes	streak-free
31	35	147.096	341.540	56.923	50.984	58.750	-0.016	-0.250	61.403	0	22.768	70.403	streak	0.360	free	114.837	114.837	147.071	159.198	yes	streak-free
32	36	145.596	302.659	50.443	51.250	30.000	1.250	0.000	55.142	0	78.790	45.536	streak	0.410	free	128.429	128.429	147.063	159.190	yes	streak-free
33	37	150.902	413.821	68.970	74.250	33.500	0.250	-0.500	57.200	0	82.031	97.909	streak	0.418	free	134.469	134.469	147.207	159.340	yes	streak-free
34	38	144.277	229.426	38.238	88.000	13.281	0.000	0.281	61.067	0	22.768	167.616	Undefined	0.368	free	116.776	116.776	147.159	159.290	yes	Undefined-free
35	39	149.030	175.601	29.267	28.359	52.031	0.359	-1.969	80.691	0	76.282	390.107	Undefined	0.452	free	119.531	119.531	147.242	159.376	yes	Undefined-free
36	40	169.816	127.615	21.269	72.391	63.500	0.391	-0.500	64.008	0	136.609	230.268	spot	0.430	free	150.796	150.796	147.867	160.027	no	spot-free
37	43	148.524	309.191	51.532	37.297	20.000	0.297	0.000	65.553	0	79.926	22.768	streak	0.353	free	108.796	108.796	147.527	159.673	yes	streak-free
38	44	147.221	270.380	45.063	23.938	84.156	-0.062	0.156	54.922	0	116.272	73.075	streak	0.376	free	147.449	147.449	147.548	159.695	yes	streak-free
39	46	131.788	338.882	56.480	50.000	8.344	0.000	-0.656	56.037	0	34.694	87.095	streak	0.343	free	105.633	105.633	147.202	159.334	yes	streak-free
40	48	133.333	288.709	48.118	36.250	66.000	0.250	0.000	48.440	0	75.677	22.768	streak	0.340	free	111.224	111.224	146.907	159.028	yes	streak-free
41	49	144.085	136.086	22.681	70.016	42.797	0.016	-1.203	57.836	0	68.305	411.142	Undefined	0.395	free	126.429	126.429	146.870	158.989	no	Undefined-free
42	52	140.296	240.327	40.055	9.984	66.000	-0.016	0.000	53.852	0	26.642	22.768	streak	0.290	free	106.020	106.020	146.328	158.424	yes	streak-free
43	53	144.426	235.588	39.265	29.984	10.000	-0.016	0.000	65.224	0	23.485	22.768	streak	0.385	free	121.857	121.857	146.313	158.409	yes	streak-free
44	55	140.704	325.132	54.189	17.016	62.703	0.016	-0.297	56.908	0	137.400	79.833	streak	0.336	free	114.857	114.857	146.221	158.313	yes	streak-free
45	56	113.014	123.027	20.504	10.625	83.750	-1.375	-0.250	56.367	0	400.301	414.041	spot	0.395	free	143.837	143.837	145.568	157.633	no	spot-free
46	59	154.205	272.936	45.489	28.719	22.266	-0.281	-0.734	57.619	0	91.648	90.133	streak	0.383	free	137.102	137.102	145.764	157.838	yes	streak-free
47	60	141.310	316.736	52.789	80.000	78.625	0.000	-0.375	63.344	0	22.768	85.254	streak	0.364	free	114.816	114.816	145.701	157.771	yes	streak-free
48	62	130.936	273.837	45.639	35.219	55.000	0.219	0.000	56.568	0	108.129	168.750	Undefined	0.315	free	113.082	113.082	145.440	157.500	yes	Undefined-free
49	73	147.100	215.128	35.855	85.969	24.984	-0.031	-0.016	67.467	0	31.161	22.947	streak	0.375	free	114.224	114.224	144.954	156.993	yes	streak-free
50	85	143.807	319.533	53.255	63.297	59.344	0.297	0.344	56.158	0	77.715	95.162	streak	0.405	free	128.061	128.061	144.946	156.985	yes	streak-free
51	89	137.609	217.645	36.274	16.000	9.375	0.000	0.375	58.541	0	22.768	147.656	streak	0.370	free	99.286	99.286	144.838	156.873	yes	streak-free
